0101	17.92	19.69	24	103.15
0201	18.06	20.06	24.55	103.48
0501	18.38	20.11	24.46	104.36
0601	18.06	20.04	24.41	104.03
0701	18.24	20.13	24.23	100.63
0801	18.29	20.1	24.14	97.02
0901	17.88	20.43	23.91	95.71
1201	17.56	20.34	23.46	93.19
1301	17.88	21.1	24	95.05
1401	18.15	21.47	24.14	95.49
1501	18.11	21.18	24.73	94.39
1601	18.42	21.33	25.73	95.93
1901	18.65	21.33	26.05	94.72
2001	18.7	21.1	26.14	94.83
2101	18.33	20.98	25.64	94.28
2201	18.11	20.74	25.37	95.6
2301	17.83	20.9	25.32	96.25
2601	17.88	21.05	25.55	98.88
2701	17.88	21.52	25.64	100.2
2801	18.38	21.49	25.73	101.84
2901	18.79	21.55	25.91	105.12
3001	18.83	21.46	25.77	106
0202	19.24	21.5	26.05	105.12
0302	19.19	21.5	25.73	105.34
0402	18.92	21.59	25.37	102.39
0502	19.15	21.84	25.41	102.28
0602	19.29	21.77	25.46	104.79
0902	19.38	21.82	25.5	102.28
1002	19.42	21.64	25.23	104.47
1102	19.51	21.87	25.46	102.17
1202	19.38	21.77	25.46	101.4
1302	19.15	21.89	25.46	101.07
1602	19.19	22.35	25.77	102.93
1702	19.65	22.83	26.32	105.56
1802	20.1	23.23	26.27	105.34
1902	20.19	22.91	26.32	103.48
2002	20.47	23.18	26.41	104.03
2302	21.15	23.9	27.09	102.82
2402	21.37	24.63	27.18	103.81
2502	21.15	25.09	27.54	105.89
2602	20.69	25.85	28	107.64
2702	20.6	25.42	28.41	107.75
0203	20.96	26.63	29.04	106.99
0303	20.6	26.71	28.27	104.69
0403	20.28	26.27	28.04	106
0503	20.24	25.63	27.82	106.11
0603	20.92	26.45	28.68	112.13
0903	21.01	27.05	29.09	114.21
1003	20.87	26.95	28.5	113.01
1103	20.87	27.11	29.5	114.43
1203	20.65	26.67	29.4	116.51
1303	21.01	27.19	30.22	119.47
1603	21.28	27.87	30.13	118.81
1703	21.65	27.98	30.45	116.84
1803	21.28	27.58	29.9	117.28
1903	21.37	26.95	29.36	119.25
2003	21.55	27.85	29.9	118.37
2303	21.46	27.9	29.81	114.98
2403	21.74	27.38	31.27	116.4
2503	22.37	27.08	31.76	117.39
2603	22.05	27.35	31.4	115.96
2703	22.14	27.9	31.45	114.87
3003	21.83	27.64	30.49	116.84
3103	21.83	27.65	30.54	114.98
0104	22.01	27.95	31.22	122.43
0204	22.24	27.73	31.58	129.65
0304	22.6	27.62	31.04	124.72
0604	23.42	28.3	30.99	128.34
0704	23.96	28.25	30.49	124.62
0804	24.19	28.3	30.18	120.78
0904	24.5	29.07	30.09	123.63
1004	24.5	29.07	30.09	123.63
1304	24.5	29.07	30.09	123.63
1404	25	30.38	30.04	122.86
1504	24.64	31.13	30.04	124.72
1604	23.78	30.48	29.45	121.55
1704	24	30.62	30.22	125.05
2004	24.55	30.85	30.49	126.59
2104	24.41	30.89	30.13	123.19
2204	24.14	30.86	29.77	121.77
2304	23.69	30.38	29.4	123.3
2404	23.73	30.2	29.04	121.88
2704	22.19	28.48	27.77	116.95
2804	22.69	28.76	27.95	121.22
2904	22.33	28.58	28.59	120.02
3004	22.33	28.58	28.59	121.55
0105	23.73	30.38	29.13	121.55
0405	23.64	30.83	29.13	122.43
0505	23.01	30.38	28.68	123.19
0605	22.83	29.92	28.36	121.77
0705	21.74	29.53	27.45	121.33
0805	22.64	29.93	28.13	121.33
1105	23.05	30.47	28.82	127.9
1205	22.33	29.78	28.32	123.85
1305	22.64	30.04	29.22	125.49
1405	22.05	29.48	29.45	121.99
1505	22.14	30.16	29.45	123.52
1805	21.96	30.07	29.4	126.59
1905	22.6	31.46	31.08	124.4
2005	23.42	31.99	30.9	128.01
2105	23.42	31.99	30.9	128.01
2205	23.46	32.51	30.72	124.18
2505	23.6	33.4	30.77	130.97
2605	23.28	34.19	30.4	133.16
2705	22.69	34.06	29.72	131.62
2805	22.19	33.95	29.45	129.76
2905	22.1	35.12	28.82	129.1
0106	22.1	35.12	28.82	129.1
0206	22.24	35.3	29.4	127.24
0306	22.14	36.39	29.5	128.56
0406	21.78	35.74	29.04	128.56
0506	21.78	35.67	29	131.19
0806	22.24	35.82	28.95	130.75
0906	22.01	35.56	28.72	129.76
1006	21.92	35.06	28.68	129.76
1106	21.83	35.76	28.23	127.02
1206	20.87	35.54	27.95	126.37
1506	20.96	34.86	27.54	122.58
1606	21.55	34.86	27.77	119
1706	21.65	34.45	28.09	120.73
1806	21.28	33.9	28.23	118.51
1906	20.96	33.47	28.32	119.5
2206	20.51	33.36	27.54	119.37
2306	20.56	34.21	28.09	122.82
2406	20.47	34.45	28.09	125.41
2506	21.24	35.47	28.41	127.75
2606	21.28	35.67	29.04	127.5
2906	21.55	37.04	29.4	128.12
3006	21.6	38.61	29.63	123.19
0107	21.74	39.6	29.72	122.94
0207	21.92	39.36	29.86	123.07
0307	22.01	40.12	29.95	125.53
0607	21.96	40.03	29.99	124.18
0707	21.96	40.91	30.36	125.66
0807	22.96	42.41	30.45	123.07
0907	23.14	43.07	30.18	122.21
1007	22.83	42.63	29.86	122.94
1307	22.96	43.61	30.04	122.94
1407	23.6	43.94	29.99	122.94
1507	23.78	43.63	29.81	120.97
1607	23.6	43.52	29.63	120.73
1707	23.91	44.88	29.86	119.5
2007	24.1	46.95	29.77	122.82
2107	23.73	48.74	29.31	121.71
2207	23.87	47.67	28.72	118.63
2307	24.05	45.84	28.23	117.03
2407	23.96	45.6	28.45	115.55
2707	24.19	44.75	27.95	112.84
2807	24.23	43.87	27.73	114.2
2907	24.05	42.93	28.86	115.8
3007	24.05	42.04	28.36	115.8
3107	23.87	40.27	28.04	118.26
0308	23.32	39.05	27.73	115.8
0408	23.14	40.69	27.77	112.72
0508	22.6	39.38	27.14	111.49
0608	22.19	38.92	26.46	110.87
0708	22.37	40.64	26.41	111.36
1008	22.19	39.97	25.73	108.65
1108	21.15	38.37	25.05	105.57
1208	21.15	39.81	26	105.33
1308	21.65	38.75	26.09	108.29
1408	21.69	38.72	26.91	109.02
1708	21.42	38.61	26.68	109.64
1808	22.33	40.62	28.36	111.98
1908	22.73	42.08	28.23	109.27
2008	23.14	42.13	28.13	108.41
2108	22.19	40.84	27.18	108.53
2408	21.65	40.6	26.55	105.45
2508	22.05	42.19	25.87	105.94
2608	21.19	41.34	25.23	101.39
2708	20.69	40.34	25.37	100.4
2808	20.51	39.79	26.32	100.28
3108	20.42	39.27	26.55	96.71
0109	20.42	38.2	26.23	101.88
0209	21.24	39.66	27.82	103.48
0309	19.88	38.96	28.09	100.4
0409	19.56	39.86	27.36	102.13
0709	19.19	39.05	26.64	103.23
0809	19.65	40.03	26.77	103.73
0909	18.83	39.38	27.5	101.88
1009	17.61	38	26.36	97.94
1109	16.34	35.36	26.23	100.4
1409	17.24	34.8	27.73	104.1
1509	17.15	33.73	27.32	107.18
1609	17.7	33.92	27.95	104.1
1709	16.74	32.33	27.18	100.4
1809	16.43	31.35	25.59	102.13
2109	15.43	29.02	24.32	99.78
2209	16.38	30.67	24.87	104.96
2309	16.56	33.18	24.55	110.87
2409	15.88	33.88	24.23	104.22
2509	15.38	32.88	24.23	104.71
2809	15.75	34.82	25.55	108.41
2909	15.2	34.06	25.96	110.87
3009	14.57	32.57	25.55	109.39
0110	13.66	30.87	25.14	101.63
0210	13.02	29.58	24.46	97.44
0510	12.62	29.67	24.5	99.78
0610	13.84	31.57	26.27	106.31
0710	13.52	30.54	25.87	103.48
0810	12.8	28.88	23.87	102.74
0910	13.11	28.8	24.05	110.87
1210	14.34	30.5	25.41	115.8
1310	14.79	31.2	26.14	115.68
1410	15.07	32.18	26.77	114.08
1510	14.79	33.47	26.68	110.87
1610	14.7	34.25	26.36	110.26
1910	14.93	33.49	26.32	115.8
2010	15.75	35.67	26.73	115.06
2110	15.56	35.1	26.77	112.35
2210	15.79	35.26	27.14	109.64
2310	15.7	35.19	27.05	107.18
2610	15.56	35.06	27.54	113.34
2710	16.02	35.78	27.41	115.8
2810	15.75	34.67	27.05	116.91
2910	15.43	34.73	27.64	116.54
3010	15.88	35.36	28.18	114.57
0211	16.61	37.2	29.04	110.87
0311	16.84	37.81	28.95	111.12
0411	17.83	39.33	29.18	114.44
0511	17.92	38.94	29.4	111.24
0611	17.61	41.8	29.77	111
0911	17.88	41.39	29.54	111.12
1011	17.11	41.41	29.4	111.98
1111	17.38	40.25	29.54	111.98
1211	17.06	39.92	29.4	110.63
1311	16.74	39.81	29.22	112.35
1611	17.43	41.1	29.63	115.43
1711	17.2	40.58	29.59	112.72
1811	16.93	40.82	29.5	111.61
1911	17.15	41.78	29.86	114.44
2011	17.83	42.8	30.68	115.31
2311	18.33	42.72	31.27	112.35
2411	18.33	42.39	30.18	119
2511	18.38	43.37	30.31	120.6
2611	18.6	44.61	30.45	123.19
2711	18.51	44.79	30.81	122.58
3011	17.88	44.64	30.09	119.13
0112	16.56	42	29.22	117.03
0212	15.93	41.97	28.45	114.32
0312	16.43	43.52	29.09	119.25
0412	16.47	44.2	29.27	118.14
0712	16.79	44.24	29.54	117.65
0812	16.93	44.37	30.04	119.25
0912	16.79	45.33	30.36	120.36
1012	16.93	45.2	30.63	122.45
1112	16.47	45.01	30.27	118.88
1412	16.15	45.38	30.22	118.26
1512	16.52	46.32	30.58	120.11
1612	16.93	46.99	31.08	121.84
1712	17.43	47.08	31.54	122.94
1812	17.2	47.67	31.04	122.21
2112	17.43	49.72	31.17	124.42
2212	17.65	48.78	31.4	120.11
2312	18.15	49.48	31.76	123.56
2412	18.33	49.7	31.49	123.56
2512	18.33	49.7	31.49	123.56
2812	18.38	50.61	31.4	122.08
2912	18.33	51.07	31.58	124.42
3012	17.92	50.31	31.49	126.27
3112	17.92	50.31	31.49	126.27
0101	17.92	50.31	31.49	126.27
0401	18.65	52	32.85	129.29
0501	19.25	52.88	33.05	128.49
0601	20.05	53.34	33.8	128.4
0701	19.25	50.36	33	122.42
0801	19.5	50	33.35	126.87
1101	18.8	48.56	33.45	122.83
1201	19.15	46.15	34.7	123.07
1301	17.5	43.63	32.85	126.06
1401	17.3	43.97	32.7	122.02
1501	17.15	45.84	33	118.63
1801	17.85	47.64	33.55	120.4
1901	17.75	47.14	35.05	116.36
2001	17.75	48.22	35.7	120.4
2101	17.4	48	35.45	121.21
2201	16.4	46.08	34.25	119.27
2501	16.75	45.99	33.85	113.94
2601	16.8	45.87	34.45	113.94
2701	16.9	46.42	34.4	116.36
2801	17.4	47.28	34	123.23
2901	17.1	46.49	34.2	116.44
0102	17.55	47.4	35.45	117.74
0202	17.7	46.49	35.25	117.09
0302	18.45	45.58	35.65	113.13
0402	18.35	45.96	35.2	110.95
0502	18.45	46.15	35.8	111.92
0802	18.4	45.58	34.9	112.16
0902	17.85	44.06	34.4	107.31
1002	17.95	42.84	33.85	105.05
1102	18.25	42.6	33.4	103.84
1202	18.4	43.1	35.15	109.58
1502	18.3	42.76	34.55	109.9
1602	18.3	42.04	33.55	108.28
1702	18.1	40.67	33.05	105.94
1802	17.7	42.93	33.2	105.94
1902	18.15	42.55	35.15	109.09
2202	18.3	43.05	35.15	115.56
2302	18.55	44.66	35.35	116.61
2402	18.95	46.03	35.5	117.25
2502	18.65	45.91	35.15	115.15
2602	18.55	45.72	35	109.74
0103	18.05	45.07	34.7	107.31
0203	18.05	45.43	34.15	109.09
0303	17.75	44.98	33.55	107.15
0403	17.9	44.01	33.15	110.71
0503	18.2	45.14	33.9	111.11
0803	17.85	45.17	33.5	110.55
0903	17.5	44.62	32.55	109.74
1003	17.6	43.97	32.4	110.46
1103	17.8	44.62	34.15	111.35
1203	18.1	45.38	34.6	109.58
1503	18.1	45.12	35.35	109.74
1603	18.6	45.26	35.25	113.94
1703	19.05	44.76	35.5	108.28
1803	18.9	43.99	34.95	106.1
1903	19.4	43.89	34.3	106.67
2203	19.55	42.64	34.65	109.09
2303	19.3	42.16	33.95	105.86
2403	18.75	41.3	34.2	105.86
2503	19.25	41.08	35.25	108.2
2603	18.8	39.57	34.8	108.69
2903	19.2	39.9	35.3	109.09
3003	19.2	40.34	35.35	110.71
3103	19.3	40.65	35.5	111.52
0104	19.2	40.31	35.4	113.86
0204	19.2	40.31	35.4	113.86
0504	19.2	40.31	35.4	113.86
0604	19.1	41.32	35.75	114.75
0704	19.35	42.43	37.7	114.02
0804	19.25	42.02	37.15	111.52
0904	19.1	41.03	37.3	111.43
1204	19.05	40.14	37.3	109.9
1304	19.35	39.71	38	111.6
1404	19.6	39.9	38.55	113.94
1504	19.65	39.76	37.4	121.05
1604	20.45	39.35	36.2	121.62
1904	20.7	40.26	36.05	126.71
2004	20.5	39.21	35.55	123.64
2104	20.95	39.33	35.7	121.21
2204	21.45	40.1	35.95	123.23
2304	21.7	39.74	35.05	121.62
2604	22.55	39.45	34.75	121.21
2704	22.65	40.99	35.05	123.64
2804	22.5	43.17	35.45	123.56
2904	22.55	43.63	35.15	117.98
3004	22.55	43.63	35.15	117.98
0305	22.6	43.85	35	121.21
0405	22.65	42.96	35.45	120.4
0505	22.5	42.16	35.3	118.46
0605	21.65	40.29	35.45	119.27
0705	21.55	40.41	35.65	120.4
1005	21	40.87	35.05	121.21
1105	20.9	40.38	34.25	120.97
1205	21.2	38.99	34.75	122.42
1305	21.2	38.99	34.75	123.47
1405	21.15	37.98	33.95	121.62
1705	20.75	37.31	33	116.28
1805	20.6	38.94	33.25	120.32
1905	21.35	39.5	34	120.32
2005	21.9	40.24	34.55	120.57
2105	21.55	40.12	34.85	119.19
2405	21.55	40.12	34.85	119.19
2505	21.1	39.38	34.35	119.6
2605	21.25	38.89	33.75	120.49
2705	20.85	37.96	33.15	116.36
2805	21.25	37.26	33.45	116.69
3105	21.1	37.84	33.6	120.4
0106	20.75	38.73	34.35	116.2
0206	20.75	38.32	34.65	115.39
0306	20.75	38.2	35.55	117.82
0406	21.2	38.41	35.95	114.34
0706	21.1	38.27	35.5	117.17
0806	21.05	38.05	35.2	115.39
0906	21.1	38.12	35.2	114.75
1006	20.8	37.31	34.55	113.45
1106	20.7	37.02	33.35	112.97
1406	20.6	36.88	33.5	113.13
1506	20.75	36.47	33.75	112.24
1606	21.05	36.44	33.75	115.31
1706	21.4	36.2	33.4	113.7
1806	21.45	37.28	33.8	114.1
2106	21.7	38.03	33.95	120.73
2206	21.6	38.46	33.55	122.51
2306	21.15	37.84	33.6	121.54
2406	21.05	36.75	32.95	123.56
2506	20.9	35.99	32.9	122.02
2806	21	35.34	33.45	122.67
2906	21.25	35.38	33.75	123.15
3006	21	33.82	33.4	123.23
0107	21.05	35.7	33.8	123.64
0207	21	36.25	34.7	126.06
0507	21.45	36.11	35.05	126.87
0607	21.8	35.48	35.65	127.03
0707	21.6	35.07	35.05	127.68
0807	21.8	34.47	35.4	123.64
0907	22.15	34.9	35.15	124.12
1207	22.55	35.38	35.15	125.25
1307	22.35	34.76	34.85	120
1407	22.6	35.05	35.05	120
1507	22.65	34.93	35.25	121.21
1607	22.55	34.64	35.05	123.23
1907	22.4	35.5	34.3	120.4
2007	22.4	34.4	34.4	117.9
2107	22.4	33.41	34.05	122.83
2207	21.8	34.23	33.9	123.64
2307	21.15	34.54	33.1	123.64
2607	21.05	34.04	32.3	122.67
2707	21.1	34.69	32.7	120.08
2807	21.4	35.19	33.05	120.32
2907	20.55	34.25	32.55	119.6
3007	21	34.64	32.6	122.75
0208	20.55	35.24	31.9	119.68
0308	20.25	36.32	31.5	118.95
0408	20.25	36.49	31.05	118.3
0508	19.55	35.53	30.85	117.17
0608	19.5	35.53	30.95	114.34
0908	19.95	36.13	31.4	119.6
1008	19.35	36.25	30.95	119.6
1108	19.4	36.97	31.3	120
1208	19.8	38.12	31.35	119.19
1308	20.8	38.03	31.35	119.19
1608	21	38.92	31.65	121.21
1708	21.9	40.07	32.4	121.86
1808	22.25	40.29	31.55	118.79
1908	21.7	39.35	30.95	117.98
2008	22	39.81	30.95	122.42
2308	22.7	40.65	31.2	119.92
2408	22.6	40.14	31.6	117.98
2508	23.3	40.36	32.75	121.29
2608	23.45	40.67	33.7	121.29
2708	23.25	40.96	34.1	121.21
3008	23.45	40.75	33.9	122.02
3108	23.05	39.81	33.9	117.33
0109	23.05	38.34	34.45	119.68
0209	22.75	38	33.2	120
0309	23.35	39.4	33.6	122.83
0609	23.4	40.07	35.05	122.02
0709	23.35	39.9	35	122.34
0809	23.05	39.28	34.2	120.16
0909	23.2	39.11	34.65	123.23
1009	23.15	39.28	34.4	122.83
1309	22.65	39.16	34.1	121.37
1409	22.45	39.47	33.9	119.68
1509	22.3	39.5	33.7	120.73
1609	22.2	39.76	33.05	121.94
1709	22.1	39.52	32.6	119.76
2009	22.05	40.19	32.65	122.34
2109	21.8	39.42	32.15	121.7
2209	21.75	39.09	32.15	119.76
2309	21.8	39.59	32.25	121.13
2409	21.6	38.58	31.7	118.95
2709	21.4	39.11	32.25	119.19
2809	21.15	38.27	31.25	117.25
2909	21.2	38.49	31	115.96
3009	21.1	38.85	30.9	120.4
0110	20.75	38.22	29.67	117.58
0410	21.08	38.68	30.01	121.62
0510	21.57	39.06	30	120.32
0610	21.84	39.33	29.02	119.03
0710	21.6	38.87	29.22	120.24
0810	21.55	39.04	29.98	118.63
1110	22.05	39.86	29.55	116.77
1210	22.03	39.86	29.27	116.36
1310	21.94	39.64	28.67	114.75
1410	21.96	39.13	28.45	114.75
1510	21.73	38.58	28.26	114.67
1810	21.42	38.82	27.95	114.75
1910	21.52	39.28	28.63	113.94
2010	21.77	39.33	28.9	111.6
2110	21.28	38.32	28.06	112.57
2210	21.37	38.75	28.98	111.84
2510	21.18	38.53	28.79	113.94
2610	21.44	39.04	29.4	116.28
2710	21.64	39.5	29.61	114.75
2810	22.49	41.56	30	115.64
2910	22.99	42.19	29.2	118.38
0111	22.68	41.42	29.65	118.38
0211	22.71	41.32	29.98	120.4
0311	22.79	41.59	30.7	122.02
0411	23.53	41.92	31.09	122.02
0511	23.8	42.07	30.85	118.71
0811	23.58	42.12	30.95	121.21
0911	23.25	41.87	30.3	119.92
1011	23.92	42.14	29.94	119.6
1111	24.62	41.51	30.95	118.95
1211	24.12	41.15	31.19	119.35
1511	24.49	41.92	31.2	116.36
1611	24.52	42.31	30.5	116.36
1711	24.64	42.48	29.85	116.36
1811	24.8	42.14	29.62	116.69
1911	25	42.36	28.94	116.44
2211	24.75	42.55	29.18	114.18
2311	24.71	42.6	29.95	113.78
2411	24.22	43.17	30.88	114.91
2511	24.13	43.92	30.94	118.79
2611	24.31	44.01	30.52	117.33
2911	24.5	44.23	32.35	117.82
3011	24.17	43.27	31.61	117.82
0112	24.22	42.79	31.8	118.79
0212	23.95	43	32.1	118.38
0312	24.35	43.85	31.95	116.36
0612	24	43.22	31.27	114.1
0712	23.78	44.21	29.99	115.64
0812	23.5	44.4	28.6	114.34
0912	23.37	44.35	27.65	114.59
1012	23.74	44.04	27.9	115.56
1312	24.23	44.18	28.84	116.77
1412	23.93	44.33	27.51	117.09
1512	23.77	43.56	27.09	123.64
1612	23.69	43.03	26.68	128.32
1712	24.29	44.93	25.61	124.44
2012	24.4	45.65	26.92	124.44
2112	24.52	45.1	26.85	121.37
2212	24.55	45.26	27.2	124.93
2312	24.68	45.58	27.29	133.41
2412	24.64	45.48	27.65	136.57
2712	24.76	45.67	28.25	135.43
2812	24.8	45.55	28.62	133.82
2912	24.84	45.29	28.85	131.96
3012	24.8	46.11	29.39	134.3
3112	24.8	46.11	29.39	134.3
0301	24.55	46.37	29.1	136.57
0401	23.2	44.69	27.18	130.51
0501	22.6	43	27.41	129.29
0601	22.33	42.45	28.5	138.59
0701	22.59	43.32	29.75	136.89
1001	23.03	43.39	28.9	132.12
1101	22.65	42.24	27.59	130.91
1201	22.09	40.67	27.1	133.9
1301	22.25	40.1	26.8	135.52
1401	22.62	40.26	28.02	138.51
1701	22.41	40.19	27.91	133.9
1801	22.1	39.25	27	132.53
1901	21.87	38.68	26.4	130.18
2001	21.5	38.46	25.85	125.25
2101	21.49	38.46	25.38	121.29
2401	21.13	37.45	25.71	126.87
2501	21.07	37.72	26.06	123.8
2601	21	37.6	26.1	125.25
2701	21.13	37.86	24.91	124.93
2801	21.05	37.14	24.7	126.71
3101	20.61	35.29	24.36	127.03
0102	21.25	35.48	24.08	128.08
0202	21.45	36.39	24.23	130.75
0302	21.81	38.46	25	130.1
0402	21.87	38.05	24.6	130.1
0702	21.4	37.16	23.56	126.22
0802	21.4	36.66	23.35	125.74
0902	20.97	36.15	23.27	122.1
1002	20.78	34.45	23.8	122.02
1102	20.65	36.03	23.67	118.79
1402	21.01	35.87	24.2	119.6
1502	21.06	36.27	24.6	117.17
1602	21.04	37.38	24.59	118.14
1702	20.97	38.29	24.23	122.02
1802	20.22	39.9	22.65	113.62
2102	20.84	38.68	23.04	116.77
2202	21.72	36.78	22.3	115.15
2302	22.18	35.94	21.5	119.6
2402	22.19	35.5	21.25	120.08
2502	21.09	35.05	21.3	119.19
2802	20.92	35.22	21.8	116.36
2902	21.5	34.42	24.12	113.29
0103	21.69	34.59	24.82	114.75
0203	21.68	34.45	24.6	114.75
0303	21.36	33.61	23.8	112.97
0603	21.51	32.38	23.55	116.28
0703	21.92	32.69	23.84	116.36
0803	21.23	32.33	22.4	113.54
0903	21.5	32.28	22.6	110.87
1003	21.24	32.96	22.62	107.23
1303	21.26	33.17	22.8	105.05
1403	21.61	33.22	23.32	109.17
1503	22	33.22	24.45	110.06
1603	22.7	37.02	24.9	116.36
1703	22.69	36.23	25.18	114.99
2003	22.4	37.16	24.74	111.68
2103	22.58	37	25.89	112.65
2203	22.87	38.46	27.1	114.75
2303	22.82	38.89	26.75	116.28
2403	23.47	39.25	26.51	118.95
2703	23.33	39.18	25.89	117.33
2803	23.14	38.94	26.29	116.77
2903	23.28	38.17	26	120.32
3003	23.22	39.71	27.09	117.17
3103	23.29	40.14	27.19	117.25
0304	23.22	42.67	27.7	117.17
0404	24.05	42.64	28.36	126.22
0504	23.98	41.11	27.42	122.51
0604	23.85	41.47	26.43	119.6
0704	23.26	40.77	26.6	122.99
1004	23.1	41.11	26.42	117.01
1104	23.25	42.5	26.82	118.3
1204	23.35	42.57	26.63	119.03
1304	23.24	41.35	26.79	120.24
1404	23	41.78	26.35	120.24
1704	22.53	40.24	25.65	121.05
1804	22.83	39.59	25.5	116.61
1904	22.76	38.77	24.97	116.61
2004	22.67	38.44	24.89	118.71
2104	22.67	38.44	24.89	118.71
2404	22.67	38.44	24.89	118.71
2504	22.92	39.06	25.2	120.4
2604	23.15	39.52	25.75	117.9
2704	22.9	38.51	25.05	115.23
2804	22.65	38	25.65	115.72
0105	22.44	37.81	25.73	115.72
0205	22.35	37	25.98	116.93
0305	22.69	37.52	25	117.41
0405	22.42	37.67	24.99	116.36
0505	22.4	38.44	25.25	118.3
0805	22.39	38.27	26.49	120.81
0905	22.33	39.01	27	121.21
1005	22.4	38.85	26.7	122.1
1105	22.03	38.22	27.46	117.98
1205	21.75	38.51	27.45	116.53
1505	21.7	38.99	26.72	117.98
1605	22.02	39.64	27.73	120
1705	22.35	38.56	28.15	117.74
1805	22.32	39.09	29.06	118.38
1905	22.15	39.66	29.6	118.79
2205	22.07	40.05	29.75	123.64
2305	22.38	39.74	29.35	124.04
2405	22.41	38.51	29.74	120.97
2505	22.52	38.08	29.25	117.25
2605	23.2	38.12	28.8	116.93
2905	23.48	38.2	29.16	117.25
3005	23.71	38.68	29.48	118.14
3105	24.5	37.17	30.3	121.62
0106	24.5	37.17	30.3	120.4
0206	24.88	37.84	29.92	121.62
0506	24.9	37.29	29.21	120.4
0606	24.45	36.78	29.1	118.55
0706	24.52	37.38	29.48	116.93
0806	24.96	36.92	29.5	115.72
0906	25.12	36.55	29.38	116.04
1206	25.12	36.55	29.38	116.04
1306	25.39	36.15	29.55	114.91
1406	26.04	36.65	29.84	114.02
1506	26.28	39.58	29.35	116.44
1606	25.57	38.75	29.68	119.2
1906	24.9	37.53	29.92	120
2006	25.05	36.25	29.9	119.91
2106	26.1	35.96	30.25	116.18
2206	25.6	36.72	30.01	115.11
2306	25.61	37.44	30.24	114.67
2606	25.3	36.9	30.69	117.16
2706	25.3	36.82	30.94	117.33
2806	25.69	36.3	30.49	116.89
2906	25.36	35.02	31	118.76
3006	25.66	35.84	30.83	121.42
0307	25.14	34.96	30.18	122.04
0407	25.23	35.19	29.5	124.09
0507	25.2	36.45	29.62	119.82
0607	25.14	35.48	29.2	119.64
0707	25.05	35.62	29.42	120.89
1007	25.38	35.93	28.99	117.33
1107	25.59	37.21	28.57	118.58
1207	25.57	37.91	29.76	119.2
1307	25.3	37.78	29.69	118.22
1407	25.16	37.06	29.89	118.22
1707	25.1	37.37	29.66	118.76
1807	25.08	38.41	29.87	118.67
1907	24.92	38.21	29.65	118.04
2007	25.01	39.5	29.4	118.58
2107	25.06	39.49	29.32	119.11
2407	25.25	40.19	29.21	119.73
2507	25.92	40.3	29.36	119.11
2607	26.02	40.67	29.76	118.93
2707	26	40.29	29.85	120.89
2807	26.17	39.62	29.75	119.56
3107	26.19	39.57	29.47	122.22
0108	26.36	39.05	30.19	121.96
0208	26.98	39.36	31.09	121.87
0308	27.17	39.45	31.28	121.33
0408	27.03	41.06	31.54	122.31
0708	27.09	42.31	32.13	123.56
0808	27.74	41.63	32.13	124.18
0908	27.73	41.29	31.2	122.22
1008	27.61	39.91	31.7	122.04
1108	27.9	41.63	31.48	124.62
1408	28.14	42.21	31.34	127.56
1508	28.14	42.24	31.19	126.67
1608	28.2	43.13	31.88	127.56
1708	27.55	43.51	32.01	130.13
1808	27.78	42.3	31.72	127.64
2108	28.44	42.21	32.6	126.13
2208	28.85	41.92	33.75	124
2308	29.3	43.12	34.25	124.09
2408	29.19	43.89	32.22	124.53
2508	28.52	42.55	32.3	127.64
2808	28.25	43.34	32.29	126.67
2908	27.9	43.27	31.4	126.58
3008	27.96	42.63	31.17	125.69
3108	28	42.21	31.82	127.56
0109	27.2	42.27	31.9	128.53
0409	27.6	41.35	32.38	128.89
0509	27.49	41.19	33.02	131.2
0609	27.65	41.35	33.11	131.11
0709	28.24	41.54	31.66	131.56
0809	27.5	41.62	30.94	123.11
1109	27.19	41.2	30.9	124.44
1209	26.31	40.72	31.02	122.76
1309	26.61	40.15	30.9	123.56
1409	26.64	39.52	31.2	123.47
1509	27.49	38	31.99	120.89
1809	26.99	37.22	31.64	119.64
1909	26.97	38.35	31.48	121.07
2009	27.17	38.13	31.22	116.44
2109	26.7	37.4	31.25	115.73
2209	26.8	38.27	31.55	117.33
2509	27	39.44	31.76	119.38
2609	26.63	39.51	32	117.6
2709	26.45	39.98	32.43	117.16
2809	26.35	40.23	32.58	117.96
2909	26.4	41.11	32.13	118.13
0210	26.6	42.07	31.75	118.49
0310	27.1	41.46	32.05	117.07
0410	26.99	41.65	31.98	115.56
0510	27	42	32.16	118.49
0610	26.85	42.07	32.1	120.71
0910	26.23	42.12	32.11	115.73
1010	26	42.21	32.32	116.98
1110	24.32	41.84	32.19	115.47
1210	24.6	42.06	32.63	111.64
1310	23.84	41.51	32.53	118.93
1610	23.84	41.2	32.52	115.73
1710	24.61	41.71	32.52	114.93
1810	24.08	41.2	32.81	111.11
1910	25.05	41.87	33.2	113.07
2010	25.28	43.21	32.85	113.78
2310	25.55	43.51	33.17	114.67
2410	26.05	43.81	33.72	116.62
2510	25.7	44.09	34.02	115.56
2610	25.51	45.1	34.33	117.07
2710	25.9	45.54	34.51	112.36
3010	26.36	45.18	34.42	115.64
3110	27.3	45	34.23	123.82
0111	26.84	45.58	34	123.82
0211	27.44	45.19	34.15	126.22
0311	28.07	45.24	34.3	125.33
0611	27.6	45.88	34	126.4
0711	27.95	45.53	33.5	126.67
0811	28.15	45.9	34.14	124.71
0911	28.11	44.5	34.59	122.67
1011	27.56	43.99	34.75	125.6
1311	27.03	43.52	34.8	123.2
1411	28.1	44.43	35.45	125.96
1511	27.74	44.42	34.83	127.29
1611	27	44.81	35.1	128.53
1711	26.95	46.17	35.5	128
2011	26.26	46.14	35.44	128
2111	26.43	46.16	35.9	130.93
2211	24.97	45.45	36.1	129.78
2311	23.6	45.77	36	128.8
2411	24.58	45.87	35.52	130.58
2711	24.99	46.44	34.9	132.27
2811	25.08	45.87	35.9	131.64
2911	24.76	46.1	36.35	133.42
3011	24.1	45.51	36.84	133.6
0112	25.25	45.87	36.25	133.78
0412	23.95	45.77	35.6	130.13
0512	24.39	46.44	35.25	133.96
0612	25.36	45.9	34.37	134.4
0712	25.5	45.92	35.18	132.89
0812	25.62	45.94	34.08	133.69
1112	26.4	46.06	34.14	135.11
1212	26.34	45.48	33.18	136
1312	26.1	45.19	33.95	130.13
1412	24.7	44.51	33.55	132.44
1512	24.29	42.12	33.28	136.27
1812	24.5	43.29	33.58	136.27
1912	24.65	43.99	32.95	137.78
2012	24	42.38	33.7	137.78
2112	23.47	41.8	33.79	139.11
2212	23.59	42.16	33.89	137.69
2512	23.59	42.16	33.89	137.69
2612	23.59	42.16	33.89	137.69
2712	23.95	42.66	34.3	139.56
2812	24.3	42.92	34.39	140.89
2912	24.22	42.37	34.36	141.24
0101	24.22	42.37	34.36	141.24
0201	24.33	41.85	34.08	136.89
0301	24.33	41.84	33.74	135.91
0401	26.02	39.93	32.97	139.56
0501	25.55	39.18	31.87	140.44
0801	25.2	38.37	31.9	142.13
0901	25.45	39.31	31.31	144
1001	25.41	39.44	31.65	140.44
1101	25.37	40.29	31.85	140
1201	25.9	39.05	31.2	135.29
1501	26.52	38.94	30.4	136
1601	26.25	38.22	30.47	133.07
1701	26.95	39.14	31.26	135.82
1801	26.89	38.37	30.75	132
1901	26.61	37.12	31.93	132.98
2201	27.29	37.38	32.44	133.33
2301	27.49	38.87	32.52	132.62
2401	27.55	39.36	32.04	131.56
2501	27.32	38.89	31.85	129.96
2601	26.78	39.9	32.5	128.18
2901	26.7	40.29	32.55	127.29
3001	27.2	39.52	32.64	128.53
3101	27.8	38.52	33.14	129.69
0102	27.19	38.29	33.14	127.2
0202	27.26	38.32	33.13	128
0502	27.2	39.36	33.2	127.56
0602	27.35	39.95	33.26	127.11
0702	26.82	39.57	33.13	128.89
0802	26.63	39.04	32.97	130.49
0902	26.12	38.78	33.03	131.82
1202	26.25	38.51	33.74	132.71
1302	26.66	38.06	34.33	133.33
1402	26.43	37.25	34.61	134.22
1502	26.59	37.5	34.36	135.02
1602	26.25	37.02	34.83	136.18
1902	26.3	36.06	34.05	136.09
2002	26.46	35.28	33.92	134.31
2102	25.63	34.77	34.34	132
2202	23.94	34.36	34.6	131.64
2302	23.58	33.38	34.9	132.53
2602	24.45	34.66	35	132.71
2702	24.25	35.77	34.88	131.64
2802	23.9	36.74	35.04	132.18
0103	23.93	36.31	35.25	136.18
0203	23.45	35.86	35.3	140.36
0503	22.82	34.96	35.52	145.69
0603	23.15	35.14	34.82	142.22
0703	22.79	34.18	34.16	146.22
0803	23.06	34.04	33.71	151.11
0903	22.92	34.42	34.2	142.22
1203	23.01	33.5	34.25	143.91
1303	22.94	33.17	34.04	141.51
1403	22.3	32.67	33.6	137.33
1503	22.12	32.98	34.41	140.27
1603	21.41	31.51	34.33	137.78
1903	20.96	30.45	34.04	138.31
2003	21.35	31.35	34.6	138.58
2103	20.5	30.94	34.27	137.42
2203	19.32	29.08	33.44	134.67
2303	19.73	30.44	33.05	137.51
2603	20.86	31.49	33.88	136.89
2703	21.38	31.92	34.49	142.84
2803	20.3	31.95	34.61	141.87
2903	19.95	30.96	34.83	141.33
3003	20.73	32.08	35.18	141.69
0204	21.03	32.28	35.42	143.56
0304	20.34	30.02	35.05	141.24
0404	20.37	30.1	34.75	140.89
0504	21.57	31.45	35.13	142.22
0604	21.69	32.38	34.72	144.44
0904	22.19	33.63	34.62	149.24
1004	22.5	33.66	35.4	150.76
1104	22.54	33.46	35.3	150.76
1204	22.51	33.46	35.35	147.56
1304	22.51	33.46	35.35	147.56
1604	22.51	33.46	35.35	147.56
1704	21.96	34.23	35.23	146.67
1804	22.51	35.24	35.2	148.18
1904	22.11	35.02	34.64	148.89
2004	21.9	34.47	34.7	147.56
2304	21.43	33.75	34.38	146.13
2404	22.14	34.31	34.65	144.89
2504	22.1	34.78	34.38	144.62
2604	22.25	35.82	34.8	143.91
2704	22.7	36.15	35	147.73
3004	22.7	36.15	35	150.93
0105	22.78	36.14	34.72	150.93
0205	22.6	36.8	34.48	148.18
0305	22.53	34.23	34.56	144
0405	21.97	33.17	34.88	150.22
0705	21.77	33.53	34.82	146.84
0805	21.62	33.04	34.95	148.36
0905	21.33	32.38	35.01	149.69
1005	22.4	33.5	35.49	147.38
1105	22.33	33.85	35.37	147.29
1405	21.68	33.54	35.48	146.67
1505	21.58	33.41	35.95	145.78
1605	21.7	33.14	35.84	150.22
1705	21.7	33.27	34.99	154.22
1805	22.14	33.19	35.97	153.78
2105	22.06	32.69	35.75	152.89
2205	22.41	33.06	35.65	150.22
2305	22.43	32.54	35.66	148.44
2405	22.66	32.63	35.7	149.6
2505	22.36	31.56	35.45	147.11
2805	22.46	31.85	35.88	149.51
2905	22.62	31.43	35.92	147.64
3005	22.82	30.05	35.8	144.18
3105	22.55	30.16	35.87	146.13
0106	22.27	30.31	35.9	145.51
0406	22.27	30.31	35.9	145.51
0506	22.85	32.11	35.79	144.53
0606	22.68	32.21	35.68	144.09
0706	22.44	32.18	35.73	143.2
0806	22.43	32.21	35.89	140.89
1106	22.08	32.12	35.9	143.2
1206	21.48	31.61	36.16	144.18
1306	21.75	32.03	36.62	146.22
1406	21.68	31.38	36.52	147.2
1506	21.27	30.43	36.34	145.33
1806	21.35	31.1	36.07	143.56
1906	21.02	30.58	36.02	145.07
2006	20.75	30.63	35.54	144.09
2106	21.5	31.05	35.5	141.33
2206	21.62	31.54	36	142.13
2506	21.87	31.33	36.35	144.27
2606	21.7	31.03	36.44	142.84
2706	21.38	31.13	36.4	143.2
2806	21.81	30.94	36.51	146.84
2906	22.19	31.97	37	150.84
0207	22.29	32.63	37.39	149.07
0307	22.28	32.19	37.03	146.67
0407	22.87	32.39	36.93	146.13
0507	22.32	32.43	37.08	146.93
0607	21.19	31.49	36.83	145.78
0907	21.14	31.37	36.56	141.33
1007	21.37	31.38	36.42	142.67
1107	20.32	30.79	36.65	144.71
1207	20.67	30.58	36.68	143.56
1307	20.79	30.59	36.09	147.47
1607	20.26	30.34	35.6	147.11
1707	20.49	30.46	35.69	144.89
1807	20.16	29.74	35.58	142.31
1907	20.33	29.8	35.48	144.89
2007	20.02	29.9	35.7	146.22
2307	19.91	30.03	35.8	142.4
2407	19.73	30.15	35.5	140.18
2507	19.38	29.24	34.61	136.71
2607	19.46	29	34.3	138.49
2707	19.79	29.62	34.05	143.47
3007	19.86	30.05	34.2	144.53
3107	20.19	30.69	34.34	143.11
0108	20.18	30.87	34.36	139.64
0208	20.26	30.76	34.31	137.78
0308	20	30.38	34.63	139.64
0608	19.88	30.87	35.11	139.11
0708	19.99	31.49	34.92	138.84
0808	19.97	30.96	34.7	138.31
0908	19.28	31.78	34.1	135.38
1008	18.88	32.93	33.9	136.89
1308	18.82	32.88	33.83	135.82
1408	19.42	33.9	33.95	139.11
1508	19.46	33.26	33.39	138.67
1608	19.99	32.39	32.75	135.29
1708	19.62	31.95	32.62	134.49
2008	19.5	31.95	32.85	138.49
2108	19.9	32.03	33.6	136.89
2208	20	32.14	33.73	137.78
2308	20.44	32.36	33.89	140.53
2408	20.68	32.55	34.01	141.78
2708	21	32.74	34.26	140.89
2808	20.61	32.44	33.69	139.38
2908	20.66	32.7	34.5	142.67
3008	20.29	32.31	33.7	139.11
3108	20.26	31.91	32.86	138.22
0309	20	31.15	32.71	137.78
0409	20.23	31.02	32.62	138.76
0509	19.97	30.1	32.03	137.42
0609	19.65	28.63	32.27	137.78
0709	18.69	27.4	31.8	136.8
1009	18.58	27.52	31.6	133.78
1109	16.5	24.62	29.68	124.62
1209	17.3	24.26	29.24	124.71
1309	18.03	25.94	30.62	126.93
1409	15.9	23.47	29.29	126.67
1709	16.41	24.04	30.19	128.62
1809	17.11	24.14	30.14	126.58
1909	17	24.05	30.14	126.58
2009	16.4	22.15	29.13	124.09
2109	15.85	22.35	29.44	116.44
2409	17.39	25	29.7	129.24
2509	17.34	26.25	29.88	129.69
2609	17.27	26.26	30.55	132.53
2709	17.56	26.05	29.45	133.96
2809	18.11	27.62	30.5	136.89
0110	17.25	26.12	29.84	134.13
0210	17.62	26.67	30.57	137.78
0310	17.2	25.5	30.25	135.2
0410	17.98	26.92	31.96	141.33
0510	17.93	27.79	32.06	139.38
0810	17.55	27.97	31.55	140.27
0910	17.29	28.67	31.17	139.02
1010	17.35	29.66	31.51	142.22
1110	17.5	29.87	31.76	144
1210	17.15	28.75	32.1	142.67
1510	16.05	26.63	31	138.67
1610	16.15	27.43	30.26	140.71
1710	16.74	28.32	30.04	141.07
1810	16.35	26.94	29.65	141.87
1910	15.78	26.24	30.01	140.44
2210	16.35	26.52	30.84	141.07
2310	17.35	27.56	31.49	144.98
2410	17.29	28.01	31.35	144.53
2510	17.1	27.36	31	143.11
2610	17.37	28.07	31.3	144.18
2910	17.03	27.79	30.56	142.49
3010	16.6	26.73	30.55	130.58
3110	16.96	26.83	31.26	133.16
0111	17.2	27.5	30.6	134.4
0211	17.15	27	30.9	134.22
0511	17.8	28.39	31.65	134.22
0611	17.85	28.62	31.55	133.69
0711	18.02	30.18	31.7	135.73
0811	18.69	30.19	31.75	136.89
0911	18	29.23	30.9	135.38
1211	17.55	28.08	30.35	134.58
1311	18.18	28.98	31.45	139.56
1411	18.51	28.58	31.06	141.33
1511	18.6	28.32	31.29	142.22
1611	18.79	28.37	31.8	141.24
1911	19.15	29.29	32.8	145.78
2011	18.91	28.85	32.9	143.56
2111	18.76	28.51	33.08	143.47
2211	18.87	29.39	32.9	144.62
2311	18.78	29.13	33.25	144
2611	18.91	28.75	33.3	139.11
2711	18.4	28.65	32.7	137.6
2811	17.95	28.56	33.01	137.6
2911	17.69	28.46	33.37	136.8
3011	18.15	28.61	33	140.89
0312	17.7	28.5	33.23	140.09
0412	18.05	27.88	33	140.18
0512	18.48	29.08	32.94	143.47
0612	18.74	29.86	32.6	140.44
0712	18.9	29.52	33	139.2
1012	18.35	28.85	32.05	140
1112	18.4	28.51	31.8	138.22
1212	18.15	28.35	31	138.67
1312	17.8	27.64	30.05	137.33
1412	17.75	27.49	30.05	135.29
1712	18.38	28.7	30.5	136.71
1812	18.3	27.91	30.7	137.78
1912	18.32	27.88	30.9	136.89
2012	18.03	27.5	31.26	135.82
2112	18.21	28.28	32	139.56
2412	18.1	28.1	31.96	139.47
2512	18.1	28.1	31.96	139.47
2612	18.1	28.1	31.96	139.47
2712	18.2	28.74	32.67	142.22
2812	18.09	29.23	32.68	139.91
3112	18.09	29.23	32.68	139.91
0101	18.09	29.23	32.68	139.91
0201	18.02	28.54	32.25	141.69
0301	18.27	28.89	31.9	140.89
0401	18.2	27.79	31.6	142.31
0701	18.4	27.49	30.87	137.96
0801	18.57	27.04	29.85	134.49
0901	19.04	27	28.9	134.4
1001	18.99	26.78	28.89	134.67
1101	19.7	27.15	28.85	135.11
1401	19.45	26	28.6	133.51
1501	19.88	26.18	29.29	135.82
1601	19.35	26.01	29.31	133.78
1701	19.83	26.83	29.49	135.56
1801	19.79	25.96	28.95	136
2101	19.65	26.06	29.12	135.2
2201	19.84	26.55	29.3	135.82
2301	20.2	26.42	29.6	137.78
2401	20.51	27.1	30.23	138.49
2501	20.51	27.16	29.7	138.49
2801	20.76	27.2	29.75	137.6
2901	20.35	27.12	29.41	134.31
3001	19.74	26.2	29.28	137.69
3101	20.13	26.06	29.8	140.89
0102	20.3	24.97	29.4	140.89
0402	19.9	25.12	29.2	141.78
0502	19.42	24.28	28.75	139.11
0602	19.2	23.62	28.2	141.96
0702	19.27	24.32	27.78	140.62
0802	19.27	24.66	27.75	140.27
1102	19.76	24.93	28.1	140.8
1202	19.66	24.86	28.05	140.44
1302	19.65	25	27.63	141.6
1402	20.1	25.4	28.57	141.42
1502	19.91	24.86	28.9	141.51
1802	19.7	24.52	28.44	141.07
1902	19.25	23.6	28	138.31
2002	19.37	23.27	28	140.98
2102	19.36	23.7	28.22	141.78
2202	19.42	22.96	27.45	142.13
2502	19.69	23.94	28	142.67
2602	19.85	23.77	27.3	140.44
2702	20.06	23.38	27.12	143.11
2802	20.13	24.19	26.65	145.16
0103	20.3	24.23	26.9	148.53
0403	20.7	25.47	27.31	151.38
0503	20.58	25.75	27.84	149.33
0603	20.74	25.87	27.51	149.96
0703	20.82	25.27	28.81	151.29
0803	21.22	25.48	28.7	151.91
1103	21.35	25.67	29.55	148
1203	21.22	25.43	28.6	146.31
1303	21.05	24.83	28.57	148.09
1403	21.07	24.96	28.63	148.18
1503	21.45	26.2	28.91	150.4
1803	21.57	26.63	29.45	150.04
1903	21.64	27.21	29.42	149.16
2003	21.54	26.69	29.27	147.38
2103	21.75	26.61	29.27	145.78
2203	21.88	26.83	29.2	147.47
2503	21.9	26.59	29.62	148.44
2603	21.79	26.6	30.01	149.51
2703	21.45	26.81	29.65	146.4
2803	21.77	26.9	30.08	149.51
2903	21.77	26.9	30.08	149.51
0104	21.77	26.9	30.08	149.51
0204	21.78	27.19	29.95	148.62
0304	21.84	27.23	30.14	148.62
0404	21.54	27.07	28.7	148.71
0504	21.58	26.46	27	148.8
0804	21.43	26.15	27.65	148.09
0904	21.7	26.48	27.17	148.44
1004	22.05	26.61	27.31	150.22
1104	22.21	26.2	27.35	149.24
1204	22.46	26.22	27.55	148.8
1504	22.21	26.63	27.83	147.29
1604	22.56	26.97	27.91	149.69
1704	22.7	27.46	27.88	149.24
1804	22.6	27.36	28.07	149.87
1904	22.78	27.5	27.93	152.62
2204	22.7	27.08	27.65	152.89
2304	22.5	26.91	27.71	152
2404	22.37	26.3	27.9	151.91
2504	22.26	25.74	27.64	147.82
2604	22.09	25.09	27.5	148.18
2904	21.74	24.79	27.15	149.87
3004	22	24.52	27.75	152.71
0105	22	24.52	27.75	152.71
0205	21.69	24.09	26.8	150.76
0305	21.75	23.8	26.7	149.07
0605	21.2	24.37	26.44	149.24
0705	20.95	23.75	25.15	146.13
0805	21.04	24.23	25.46	146.67
0905	20.96	24.23	24.75	145.51
1005	20.6	23.8	24.12	146.67
1305	20.64	23.94	24.18	147.38
1405	21.01	24.23	24.9	149.51
1505	21.08	24.62	24.66	151.29
1605	21.2	24.56	24.1	152
1705	21.18	24.1	23.99	151.47
2005	21.05	23.72	23.93	151.02
2105	20.85	23.63	23.77	150.58
2205	20.55	22.98	23.93	151.38
2305	20.43	22.99	24.9	150.76
2405	20.31	23.2	24.5	149.96
2705	20.57	23.46	24.34	152.09
2805	20.63	22.96	24.25	150.13
2905	20.41	23.07	24	151.2
3005	20.41	22.36	23.28	150.67
3105	20.69	22.12	22.95	150.58
0306	20.34	21.9	22.9	148.09
0406	19.73	20.93	21.98	143.64
0506	19.77	21.25	22.11	146.67
0606	20	21.28	23.25	147.29
0706	19.25	20.24	23.12	145.69
1006	19.13	20.11	22.85	145.78
1106	19.42	20.41	23.96	150.22
1206	18.62	19.42	22.99	147.38
1306	18.74	18.97	22.39	148
1406	18.4	18.63	21.2	142.67
1706	18.94	19.64	22	152.5
1806	19.3	19.34	22.12	152.7
1906	18.78	18.95	21.8	149.5
2006	18.33	18.01	21.3	149.5
2106	17.8	18.7	21	146.3
2406	17.3	18.37	19.95	147.1
2506	17.77	19.03	20.41	149.8
2606	17.22	18.46	19.6	148.8
2706	17.47	19.08	20.1	151
2806	18.39	20.3	21.3	155.8
0107	18.4	20.1	21.24	155.7
0207	17.4	19.01	19.2	154.3
0307	17.02	18.4	17.19	154
0407	17.55	19.12	18.79	155.5
0507	18.2	20.38	19.31	159
0807	18.15	19.94	17.9	158.7
0907	17.97	19.6	17.49	154.9
1007	17.64	18.69	16.62	154.5
1107	16.1	17.93	16.12	148.3
1207	16.07	18.14	16.37	147.7
1507	14.72	16.92	15.1	137
1607	14.92	16.35	15.7	137.7
1707	15.4	17.46	16.79	140.1
1807	15.92	17.41	17.65	146.7
1907	14.8	16.27	16.7	139.9
2207	13.5	13.38	15.61	135.7
2307	12.78	11.82	15.13	132.5
2407	13.21	10.63	14.53	130.5
2507	14.36	12.22	16.65	134.1
2607	14.21	12.3	16.73	131.8
2907	15.7	13.41	18.32	142
3007	14.5	13.4	17.17	142.5
3107	14.5	13.63	17.06	143.2
0108	13.81	11.97	16.1	135
0208	13.75	12.1	16.65	134.9
0508	13	11.18	15.44	126.2
0608	14.1	11.51	16.45	132.5
0708	14.35	11.49	16.29	136.9
0808	16	12.59	16.89	141.2
0908	15.99	13.51	17.4	147.4
1208	16	12.4	17.05	142.7
1308	16.19	12.98	17.43	144.5
1408	15.5	12.84	16.55	138.4
1508	16.41	13.6	17.8	146.7
1608	17.03	13.67	17.94	144.5
1908	17.95	15.17	18.65	149
2008	17.04	15.06	18.05	144.1
2108	17.14	15.34	18.09	145.2
2208	17.37	15.82	19.11	149
2308	17.29	15.18	18.72	147.7
2608	17.07	14.57	18.1	145.5
2708	17.72	15.82	19.13	146.6
2808	16.83	14.71	18	141.2
2908	16.15	13.94	17.05	136.2
3008	16.62	14.04	17.01	141.3
0209	16.35	13.46	16.55	137.9
0309	15.5	12.98	15.83	131.2
0409	15.41	12.74	15.79	133.1
0509	14.95	12.5	15.6	133.2
0609	15.4	13.18	16.1	137.9
0909	14.77	12.81	15.48	136.4
1009	15.35	13.08	16.13	138
1109	16.1	12.49	16.95	139
1209	15.01	11.35	16.1	133.2
1309	14.04	10.58	15.8	129.4
1609	14.15	10.58	15.98	130.4
1709	13.95	9.65	15.7	128.3
1809	12.95	9.52	14.31	124.5
1909	12.8	9.81	13.86	121.4
2009	12.72	10.1	13.46	120
2309	11.78	9.16	11.8	118.4
2409	11.32	9.04	11.9	115.7
2509	11.93	9.4	12.59	124.3
2609	13.25	10.38	13.45	129.6
2709	12.4	9.97	13.2	132.2
3009	11.08	9.13	11.99	125
0110	11.9	9.54	12.5	123.9
0210	12.27	10.19	13.24	131.3
0310	11.95	10.14	12.69	131.4
0410	11.47	10	12.21	124.5
0710	10.88	9.95	11.42	128
0810	10.45	10.15	10.32	131.6
0910	10.85	10.02	11.06	128.1
1010	11.85	10.55	11.5	127.4
1110	13.2	11.58	12.85	132.2
1410	12.8	11.26	12.89	131
1510	14.3	12.88	14.54	137.8
1610	14	12.18	14	138.3
1710	15	12.63	14.19	142
1810	15.05	12.87	14.3	143
2110	14.67	12.74	14.68	143.2
2210	14.3	12.58	14.29	140.9
2310	13.37	11.97	13.34	131
2410	13.99	12.37	13.33	129.9
2510	13.96	12.13	12.25	130.6
2810	14.64	12.69	12.5	131.6
2910	13.63	12.16	11.87	125.2
3010	14.4	12.7	12.4	131.1
3110	14.83	13.16	12.7	129.4
0111	14.79	12.82	12.28	126.9
0411	15.95	13.75	13.6	133.8
0511	16.07	13.94	13.6	135
0611	15.75	13.7	13.3	133.4
0711	15.27	12.56	12.46	129
0811	15.05	12.62	12.2	129
1111	15.04	12.38	12.02	128.2
1211	15	12.25	12.02	128.3
1311	14.88	12.02	11.82	128.1
1411	15.4	12.76	12.17	133.7
1511	15.45	13.17	12.13	134.2
1811	15.59	13.42	11.7	137.5
1911	15.11	12.97	11.65	134.6
2011	15.33	13.01	12.15	132.2
2111	16.74	13.87	12.76	133.7
2211	16.79	14.21	12.91	136.3
2511	17.14	14.56	12.85	136.5
2611	16.46	13.88	12.82	132.9
2711	16.93	14.66	13.45	136.5
2811	17.01	15.13	13.6	134
2911	17.26	15.63	13.83	135.1
0212	17	15.14	13.72	133.5
0312	16.55	14.31	13.12	129.4
0412	16.02	14.06	13.48	129.7
0512	15.9	14.21	13.07	126.1
0612	16.07	13.76	12.8	128.4
0912	15.6	13.41	12.2	126.9
1012	15.78	13.19	12.04	128.3
1112	15.9	13.8	12.45	130.7
1212	15.5	13.49	11.79	126
1312	15.1	12.75	11.68	124
1612	15.96	13.31	12.6	125.6
1712	15.93	13.07	12.06	128.2
1812	15.7	12.69	12.1	125
1912	15.12	12.2	11.66	124.5
2012	15.35	11.95	12	125.5
2312	15.58	12.24	12.19	126.5
2412	15.53	12.21	11.96	125.7
2512	15.53	12.21	11.96	125.7
2612	15.53	12.21	11.96	125.7
2712	14.92	11.63	11.65	122.1
3012	15.2	11.99	11.93	123.3
3112	15.58	11.79	12.1	125.7
0101	15.58	11.79	12.1	125.7
0201	16.18	12.74	12.93	131.7
0301	16.1	12.9	12.81	128.4
0601	16.15	12.79	13.1	130.8
0701	16.03	12.5	13.46	128.8
0801	15.65	12.32	13.15	125.5
0901	15.62	13.39	13.6	127.9
1001	16.3	13.22	13.35	126.9
1301	16.55	13.37	13.55	126.4
1401	16.49	13.47	13.48	126.6
1501	16.25	13.13	12.9	122.9
1601	16.2	13.07	13	123.1
1701	15.3	12.46	12.7	120
2001	15.14	11.97	12.23	120
2101	14.82	11.69	11.89	118.7
2201	14.32	11.2	11.68	114
2301	14.43	11.41	11.51	115.6
2401	14.21	11.3	11.03	114
2701	13.65	10.39	10.85	110
2801	13.42	10.58	11	109.1
2901	13.55	10.61	11.16	108.8
3001	14.15	11.23	11.67	113.2
3101	14.5	11.2	11.61	116.7
0302	14.61	11.73	11.49	116.3
0402	13.72	10.98	10.72	113.2
0502	13.99	11.38	10.95	116
0602	13.74	10.95	10.9	113.9
0702	13.55	10.51	10.65	114.2
1002	13.4	10.02	10.79	111.3
1102	14.27	10.77	11	114.4
1202	13.95	10.21	10.48	114
1302	14.05	10.32	10.33	113.6
1402	14.85	10.85	10.59	115.5
1702	15.34	11.34	10.7	118.4
1802	15.56	11.61	10.85	119.2
1902	15.07	11.32	10.35	115.2
2002	14.73	10.73	9.94	114.4
2102	14.98	10.87	9.71	116
2402	14.08	10.12	3.59	113.8
2502	13.49	9.22	3.27	113.3
2602	13.4	8.57	2.8	115
2702	13.92	8.82	3.52	117.8
2802	14.75	9.57	3.5	119.1
0303	14.51	9.15	3.6	122.3
0403	14.09	8.56	3.25	117.7
0503	13.81	8.6	3.18	117.1
0603	13.54	7.69	3.19	117.6
0703	13.03	6.62	2.99	115.8
1003	12.89	6.06	2.7	116.2
1103	13	6.31	2.7	116.1
1203	11.93	5.87	2.47	109.1
1303	13.07	6.88	2.65	114.6
1403	14.11	7.85	2.77	120.8
1703	14.61	8.16	2.93	124
1803	14.28	7.58	2.95	126.2
1903	14.6	7.61	3.03	127.1
2003	14.46	7.11	3.05	126.5
2103	15.24	8	3.32	130.9
2403	14.28	7.4	3.37	123.9
2503	14.73	7.61	3.69	126.9
2603	14.72	7.59	3.58	126.1
2703	14.4	7.26	3.37	127.3
2803	14.22	7.36	3.34	126.9
3103	13.4	6.62	3.05	121.5
0104	14	6.76	3.01	123.9
0204	14.7	7.3	3.22	129
0304	15.09	7.53	3.37	130.6
0404	15	7.54	3.28	132.2
0704	15.81	8.27	3.46	135.7
0804	15.68	8.08	3.49	135.3
0904	15.7	7.87	3.42	135.4
1004	15.41	7.59	3.35	133.6
1104	15.68	7.79	3.23	135.8
1404	15.61	7.99	3.03	133
1504	16.2	8.7	3.29	132.7
1604	16.03	9.11	3.24	132.8
1704	16.01	9.21	3.23	133.6
1804	16.01	9.21	3.23	133.6
2104	16.01	9.21	3.23	133.6
2204	15.85	9.32	3.19	134
2304	16.12	9.63	3.42	135.7
2404	15.85	9.15	3.59	133.4
2504	15.85	8.83	3.55	128.6
2804	15.79	9.5	3.8	130.9
2904	15.48	9.08	3.89	135.8
3004	15.14	9.11	4.1	135.7
0105	15.14	9.11	4.1	135.7
0205	14.5	9.08	5.2	134
0505	14.9	9.52	5.53	135
0605	15.36	9.56	5.5	136.4
0705	14.88	9.16	5.23	133.9
0805	14.12	8.6	5.35	130.8
0905	14.92	8.62	5.85	132.2
1205	15.07	8.66	5.98	132.9
1305	15	8.8	5.74	131.6
1405	15.17	8.92	5.86	132.3
1505	15.52	8.88	6.16	133.7
1605	15.83	8.99	6.91	132.8
1905	15	8.29	6.3	128
2005	15.21	8.17	6.6	129.1
2105	15.08	7.54	6.64	126.1
2205	15.26	7.94	6.65	126.5
2305	15.04	7.33	6.45	126
2605	15	7.34	6.35	125.6
2705	15.25	7.69	6.14	126.5
2805	15.8	8.14	6.28	129
2905	15.99	8.11	6.37	129.3
3005	16.45	8.03	6.38	129.8
0206	16.59	8.25	6.61	131.9
0306	16.25	8.14	6.59	133.3
0406	16.47	8.39	6.98	133
0506	16.45	8.3	7.14	132.5
0606	17.01	8.7	7.39	131.2
0906	16.71	8.33	7.49	129.2
1006	17.01	8.33	7.71	128.3
1106	17.43	8.82	8.06	129.7
1206	17.5	9.55	7.85	129
1306	17	8.91	7.3	128.8
1606	17.39	9.29	7.53	131.4
1706	17.3	9.37	7.84	133.1
1806	17.24	9.5	7.68	134
1906	16.67	8.98	7.51	131.7
2006	17.05	8.98	7.68	134.2
2306	16.67	8.57	7.12	130.9
2406	16.76	8.5	7.29	133
2506	16.99	8.6	7.43	131.7
2606	16.75	8.55	7.29	130.3
2706	16.74	9.03	7.44	130
3006	16.65	8.72	7.23	129.1
0107	16.38	8.46	7.5	127.7
0207	17.16	8.88	7.94	128.9
0307	17.14	8.98	8	130.7
0407	16.98	8.89	7.7	130
0707	17.47	9.65	7.6	136.3
0807	17.44	9.94	7.4	136.9
0907	16.98	9.81	7.47	134.3
1007	16.51	9.58	7.41	131.8
1107	16.55	9.95	7.49	135
1407	16.95	10.44	7.7	136.5
1507	17.27	10.77	7.73	132.6
1607	16.96	10.72	7.54	130.4
1707	16.66	10.39	7.25	133.4
1807	16.99	10.91	7.39	131.8
2107	16.65	10.8	7.35	129.6
2207	16.77	10.7	7.52	131.8
2307	16.59	10.62	7.22	131.3
2407	16.88	11.11	7	135.5
2507	16.73	10.96	6.79	131.7
2807	16.95	11.39	7.07	135.3
2907	16.99	11.23	7.14	132.9
3007	16.95	11.02	7.1	135.5
3107	17.07	11.53	7.22	138.9
0108	16.65	11.32	7.1	135
0408	16.55	11.09	6.94	132.9
0508	16.55	11.25	6.98	135.5
0608	16.34	10.65	7.03	130.5
0708	16.44	10.65	7.05	131.3
0808	16.33	11	6.96	132.4
1108	16.29	10.95	6.85	131.8
1208	16.48	11.17	6.81	132.9
1308	16.25	10.88	6.9	132.5
1408	16.43	10.91	7.01	134.5
1508	16.7	11	7.2	135
1808	16.78	11.18	7.04	135
1908	16.72	11.35	7.68	133.9
2008	16.71	11.17	7.78	132.7
2108	16.67	11.34	7.95	133
2208	16.64	11.5	8.35	135.1
2508	16.49	11.32	8.27	134
2608	16.42	11	8.35	132
2708	16.53	11.28	8.72	131.4
2808	16.28	11.42	9.08	131.3
2908	15.95	11.28	8.6	130.8
0109	16.36	11.69	8.56	132.6
0209	16.49	11.67	8.5	133.7
0309	16.81	12.14	8.77	136.1
0409	16.55	12.06	8.51	135
0509	16.52	11.93	8.99	133.2
0809	16.66	12.27	9.16	134.6
0909	16.48	12.1	9.1	133
1009	16.12	11.76	8.9	131
1109	16.04	11.87	8.65	130.7
