56 68 79 82 80 82 88 92 98 97 103 115 122 123 128 135 145 157 163 170 182 184 184 194 194 199 198 197 201 201 200 204 203 210 210 214 213 211 221 223 219 234 234 230 239 243 242 248 250 242 235 232 232 230 224 220 220 220 219 225 233 230 227 232 229 226 220 212 205 200 195 190 186 176 164 154 150 151 141 121 110 111 110 102 95 99 96 82 78 83 84 82 83 85 80 72 67 69 73 75 75 74 75 77 79
54 59 63 64 66 71 77 79 92 100 108 112 117 123 128 128 126 134 143 154 167 172 175 180 179 179 175 173 175 171 170 176 182 193 198 206 206 204 211 210 211 223 222 218 222 222 222 230 226 222 218 217 217 216 214 214 212 217 219 225 234 236 236 240 233 233 224 209 201 202 199 193 186 181 175 166 159 159 151 133 118 116 113 107 100 102 100 90 84 85 86 86 86 87 83 79 77 74 74 76 77 77 75 75 72
57 55 52 51 56 64 67 67 66 85 97 97 98 104 103 95 99 102 114 130 141 153 161 160 152 145 135 133 136 132 134 145 157 177 190 206 212 212 218 214 211 213 206 199 195 189 190 199 211 211 213 213 207 199 197 199 209 220 222 221 225 229 228 229 224 225 212 190 180 185 186 181 172 175 177 171 163 161 155 141 125 115 109 104 97 96 96 92 86 85 86 89 89 85 82 81 85 77 72 74 79 79 76 73 84
49 46 42 41 48 55 56 52 54 74 92 95 93 92 86 78 78 80 96 112 121 139 155 154 139 127 113 110 112 106 108 122 133 158 178 198 208 211 216 209 200 186 169 158 151 144 145 152 166 174 186 193 188 181 181 186 200 214 215 204 202 204 202 201 196 192 178 156 143 143 148 149 152 159 167 166 160 159 153 139 126 110 98 92 84 81 84 84 83 81 85 91 89 81 75 75 76 67 61 65 70 71 70 70 86
45 46 48 53 60 66 66 62 58 71 88 98 96 88 86 88 89 91 103 112 115 134 156 159 152 143 132 129 125 110 104 113 130 158 179 196 205 208 210 199 191 165 141 132 132 134 136 136 148 156 168 173 167 158 160 170 182 197 196 183 179 182 183 183 176 165 152 137 120 110 113 123 140 148 159 162 160 160 153 137 122 102 87 80 71 68 71 73 75 75 81 87 85 74 66 65 59 51 48 53 57 58 62 67 81
49 54 62 72 83 90 89 85 69 70 81 94 94 87 92 106 125 125 124 117 115 131 152 161 170 171 170 169 161 139 122 122 138 168 189 204 211 215 217 203 191 162 142 142 155 170 174 166 169 170 171 168 155 142 145 156 173 185 183 171 169 174 179 183 184 173 164 154 134 113 113 125 140 148 159 163 161 160 151 134 113 95 82 75 67 65 67 65 66 68 72 75 73 66 60 59 58 51 48 53 55 55 60 68 82
46 50 58 71 85 95 94 89 82 78 84 96 97 92 101 117 138 138 125 110 113 131 152 168 184 193 196 194 183 159 138 133 139 172 193 206 213 217 217 200 183 160 150 161 183 206 209 192 177 173 171 166 152 138 139 150 165 174 172 164 167 176 186 196 204 201 196 185 162 139 133 140 148 156 167 167 161 158 148 131 109 97 89 85 80 79 78 71 68 70 70 67 64 65 66 66 73 64 59 62 62 59 62 69 79
51 52 57 69 86 97 96 89 80 78 84 93 93 89 95 107 122 123 106 94 110 137 163 185 196 206 207 197 182 159 138 132 150 183 203 213 217 218 215 196 181 164 162 179 203 229 230 206 195 190 185 178 160 139 132 137 149 157 157 155 164 178 194 208 214 218 217 202 178 156 147 147 158 167 176 174 164 158 148 131 113 105 102 101 98 99 95 84 79 80 75 67 65 73 80 82 85 73 66 68 67 61 60 66 81
56 53 57 71 86 93 90 86 76 78 83 91 97 97 94 91 93 96 89 89 117 156 183 195 209 219 210 194 185 161 144 152 177 203 216 220 221 222 220 202 186 170 175 191 219 248 247 238 230 217 211 202 173 143 128 125 128 144 148 145 159 182 202 213 222 230 223 199 173 152 148 157 167 174 182 179 165 156 148 136 114 112 106 98 95 96 94 90 85 81 75 71 74 81 85 86 84 73 66 66 64 59 60 66 82
54 52 56 69 80 82 76 70 65 72 85 97 101 97 90 86 77 79 75 84 119 159 183 194 207 221 215 197 180 157 152 173 199 222 231 234 231 227 225 211 192 170 176 197 222 244 249 254 254 247 244 229 188 145 121 112 121 134 142 148 162 181 202 222 230 233 221 197 175 158 154 160 175 178 184 181 171 165 154 139 119 113 102 93 89 88 84 78 80 77 72 69 74 81 85 85 78 69 61 58 57 56 61 68 80
53 52 57 67 75 75 70 66 63 75 95 109 109 101 94 92 86 88 86 95 123 155 182 201 217 228 221 201 178 157 164 194 225 240 244 246 241 233 232 222 201 170 175 205 233 247 250 255 255 251 249 231 190 152 134 129 124 129 137 149 165 181 206 234 241 238 218 192 176 167 165 170 188 187 189 188 181 176 163 144 123 114 100 89 86 85 81 75 77 76 75 76 81 85 83 78 70 66 58 51 49 54 64 71 81
60 60 63 71 76 76 74 72 73 86 105 116 114 107 108 115 118 123 120 117 126 147 181 213 233 239 230 207 181 164 178 209 244 250 249 254 251 242 241 233 206 172 175 210 243 255 251 251 252 249 246 227 191 160 148 144 138 136 133 141 162 188 217 244 243 235 209 181 170 169 174 181 203 201 202 199 192 186 171 151 130 119 103 90 84 80 76 72 77 79 83 87 90 87 76 65 54 55 52 46 47 57 70 78 87
68 69 76 85 90 89 84 82 87 96 110 118 116 116 131 149 158 161 153 139 137 151 184 218 235 244 240 216 186 176 199 232 255 255 250 255 255 252 250 241 203 177 183 210 241 255 253 249 249 248 247 234 205 182 169 160 153 146 128 125 156 200 233 251 252 242 214 185 179 187 198 208 218 218 220 215 204 195 180 161 142 130 112 96 83 74 68 64 77 79 82 84 85 80 69 57 41 46 49 48 51 62 75 83 89
63 69 83 100 110 110 104 100 98 105 116 123 123 129 154 181 199 197 179 159 156 169 194 217 230 241 242 219 194 195 226 255 255 255 249 254 255 253 251 240 201 184 192 210 233 253 254 254 252 246 239 223 203 193 190 185 170 160 133 123 159 215 247 255 255 248 220 195 196 211 224 233 233 234 237 231 218 206 190 171 150 136 119 105 94 84 76 73 78 77 74 71 69 68 64 59 53 57 60 62 62 66 73 79 82
56 62 77 98 112 116 112 109 103 111 124 133 132 138 164 193 212 210 189 162 159 178 204 226 238 239 231 212 204 222 247 255 246 252 248 251 254 252 253 242 209 189 194 213 236 253 250 247 250 240 226 206 190 193 204 206 202 189 158 145 180 231 255 255 252 241 215 197 207 226 237 241 245 246 249 245 231 218 200 179 154 138 121 114 110 103 93 86 84 81 74 66 62 63 65 65 69 69 71 75 73 69 71 77 82
56 58 67 84 98 103 102 100 102 112 128 138 136 139 161 187 195 199 179 150 145 172 211 241 255 239 216 202 214 244 255 247 239 251 250 253 254 255 255 249 222 191 191 216 246 255 244 232 217 214 211 201 196 210 230 236 233 218 186 172 201 242 255 254 255 248 223 210 226 248 255 254 253 253 255 252 240 227 207 184 159 139 121 117 118 111 97 86 91 88 81 71 65 65 68 70 66 64 69 77 78 73 75 82 91
63 62 65 71 75 79 86 94 93 124 148 152 146 141 144 154 160 155 147 143 155 185 220 243 255 232 208 208 232 255 255 246 254 251 250 252 254 253 254 255 236 202 186 197 210 219 213 195 183 204 212 208 213 227 243 255 249 244 216 207 233 251 249 253 251 246 228 214 224 242 250 251 253 251 254 255 249 235 211 184 159 140 123 119 114 102 91 88 87 85 82 76 70 67 67 68 60 63 67 72 74 67 69 85 94
65 66 69 71 69 69 76 86 101 128 149 152 146 137 134 139 133 127 124 136 169 208 235 245 244 225 211 218 237 249 251 248 251 249 248 251 252 251 250 251 239 211 187 177 174 173 172 168 181 205 222 227 236 245 250 255 249 252 237 230 249 255 251 252 255 237 209 194 201 214 228 241 246 248 253 254 246 235 213 186 159 141 122 111 103 93 85 81 80 74 67 65 67 68 64 60 58 60 63 68 70 63 66 81 89
77 82 89 90 87 88 98 109 126 148 165 169 166 156 148 150 145 144 146 163 198 235 251 250 236 225 223 237 249 250 251 255 255 253 253 255 255 254 252 251 248 233 209 188 175 166 169 179 206 226 240 245 252 255 251 249 248 255 253 249 255 255 251 252 251 220 184 168 168 169 182 204 235 243 254 253 244 234 213 186 158 142 119 101 89 81 75 71 74 69 65 64 65 62 55 49 52 54 56 61 64 61 65 79 99
94 100 108 112 114 118 129 138 147 162 172 178 182 177 171 173 176 184 190 197 213 233 244 245 244 240 244 255 255 255 255 255 250 249 251 255 255 255 255 255 252 252 238 226 223 215 214 227 242 252 252 249 253 255 251 249 247 255 253 250 255 254 250 252 243 216 185 171 168 162 166 183 227 239 252 248 237 227 208 182 159 146 124 102 88 81 76 71 77 81 83 79 69 57 49 45 44 47 48 53 60 60 65 78 99
100 105 110 115 120 127 134 138 145 151 155 159 166 166 164 169 172 182 191 193 196 205 216 223 231 234 238 243 249 252 250 247 245 244 246 251 254 254 254 255 248 252 248 248 255 254 247 252 254 255 253 248 253 255 255 255 250 253 251 250 254 254 252 251 253 241 221 210 208 204 202 208 218 226 232 223 209 203 192 175 159 150 133 114 102 96 91 86 90 93 94 88 76 65 58 55 48 50 50 54 62 64 68 79 97
94 97 101 106 115 124 127 127 132 133 131 131 136 135 136 143 149 152 159 167 172 177 185 192 198 204 210 219 232 246 252 250 255 255 253 254 253 251 249 250 247 248 247 250 255 255 249 246 248 255 254 253 255 255 253 253 254 253 253 255 255 255 250 244 232 229 216 204 202 198 191 188 196 195 192 180 167 165 166 161 152 144 131 120 111 104 97 93 98 93 87 83 80 78 74 71 66 67 65 68 74 76 78 86 104
78 82 86 91 101 110 113 111 110 111 108 107 108 104 104 112 120 117 123 138 146 146 149 156 165 168 178 194 212 229 242 250 251 246 242 241 240 239 239 241 243 244 250 253 250 250 250 246 248 255 255 254 255 253 249 251 255 253 254 255 252 247 239 229 225 223 212 202 197 187 175 170 169 162 157 149 139 139 147 149 143 131 120 113 106 94 85 82 89 85 80 77 77 78 78 78 78 80 77 78 84 85 85 90 100
63 67 71 74 80 88 90 88 85 88 87 86 86 80 79 87 87 84 94 112 118 112 114 125 131 130 139 158 173 183 198 213 213 209 208 211 216 222 228 233 232 238 253 255 246 247 255 255 251 255 254 249 249 249 251 255 255 250 250 249 241 233 225 216 213 210 203 197 192 177 161 158 154 146 144 144 136 135 142 146 139 125 112 107 98 82 71 68 73 77 81 78 72 69 71 75 77 78 75 77 84 85 84 88 97
57 55 52 52 57 65 67 66 62 66 71 71 68 66 66 68 72 73 76 80 83 83 87 90 93 104 111 118 131 141 147 154 155 162 163 165 172 178 185 195 198 204 217 222 216 218 227 231 227 230 229 223 219 217 217 217 217 215 212 208 202 196 189 185 182 157 153 147 133 128 121 118 114 123 125 117 112 115 119 119 110 105 95 92 91 78 65 63 70 70 69 66 64 63 66 69 73 72 68 70 81 87 87 90 98
