88 111 121 112 99 103 103 101 93 94 98 96 93 94 96 93 87 81 72 70 95 105 105 93 80 80 78 79 84 94 102 103 101 85 73 66 63 68 76 90 97 100 100 101 107 111 112 107 103 100 99 98 104 106 89 86 93 97 93 97 97 98 98 98 95 89 82 80 80 82 82 86 92 97 103 105 106 106 99 98 99 92 89 93 93 93 97 95 88 84 87 91 104 106 99 93 88 79 75 75 
103 119 121 113 105 102 101 97 88 89 98 104 100 98 103 98 85 76 83 94 107 109 98 91 83 83 82 83 96 102 106 105 94 79 68 67 68 79 93 103 105 102 98 102 111 114 110 100 100 98 98 104 112 112 94 82 86 93 91 91 95 96 98 97 93 88 80 79 80 78 79 84 88 92 96 96 99 95 90 90 93 88 88 91 93 92 94 91 91 89 89 92 101 107 103 97 89 81 78 78 
120 120 111 108 107 104 98 94 88 85 97 102 103 102 105 100 86 83 97 106 102 98 94 90 86 95 97 95 98 102 100 89 79 71 66 67 75 90 105 111 106 101 100 106 116 111 101 97 98 98 104 108 114 115 104 85 85 91 87 86 95 100 100 94 91 89 84 81 79 73 77 82 85 88 91 87 93 87 82 81 86 89 89 87 95 99 99 95 95 97 98 95 100 106 105 102 98 89 83 81 
119 110 101 99 101 101 95 93 92 89 93 99 104 100 97 90 87 93 102 105 100 94 91 90 96 110 104 95 84 82 83 74 67 66 69 79 89 99 112 112 106 102 106 111 108 99 98 96 98 102 107 110 113 110 96 87 86 91 90 84 91 99 100 94 94 93 89 81 80 77 78 84 84 86 91 88 87 80 80 82 86 91 91 87 95 99 104 101 99 101 102 96 100 106 107 107 109 102 90 82 
108 98 95 97 99 98 93 93 93 89 88 93 98 98 93 80 81 90 95 98 99 89 91 98 105 112 97 80 71 70 68 66 67 72 81 96 106 107 109 111 104 104 103 101 96 93 105 107 109 107 109 110 110 105 91 89 93 94 90 81 83 90 93 95 98 98 97 84 80 81 84 88 86 84 94 92 85 80 82 87 88 90 92 90 91 95 98 103 104 104 104 103 105 107 110 107 107 102 91 78 
97 95 92 98 104 100 96 95 94 87 89 95 97 99 94 85 84 91 88 86 92 94 95 107 100 93 82 70 62 66 72 76 79 88 103 117 116 106 104 107 103 102 95 88 92 98 107 115 123 111 107 105 103 101 91 91 97 96 91 89 88 86 89 97 98 98 97 86 79 89 92 91 87 83 89 85 85 84 90 91 85 85 95 90 95 98 99 106 109 110 111 110 110 113 116 111 106 100 90 85 
93 94 95 100 107 101 99 98 96 94 97 101 98 93 87 87 90 101 95 87 94 102 99 99 91 83 73 68 68 75 85 93 99 106 115 122 117 100 102 106 102 95 90 86 89 99 106 113 114 108 102 95 90 91 92 94 99 94 93 92 89 84 88 97 99 98 95 94 93 96 98 91 92 87 86 84 90 97 100 92 81 82 93 91 98 103 102 106 110 113 117 117 116 117 119 115 107 106 94 91 
90 96 98 101 104 102 103 99 100 105 107 103 95 82 78 90 99 103 100 91 98 101 97 92 87 84 74 72 78 88 100 109 113 120 119 116 106 96 98 106 101 95 91 88 88 100 103 108 106 104 99 92 84 86 90 95 97 93 93 93 89 86 88 96 102 103 101 101 101 100 100 94 95 88 90 96 100 104 106 96 84 85 90 94 100 105 101 101 107 108 109 112 118 119 119 111 106 107 99 92 
96 100 99 99 99 102 104 99 105 111 110 101 85 72 82 101 102 106 103 96 96 98 94 91 84 79 76 81 93 102 113 120 123 124 115 108 99 91 93 99 97 96 98 94 93 97 99 102 95 95 94 90 85 86 89 94 95 96 96 93 89 89 89 98 105 106 106 102 99 101 99 95 91 88 98 104 106 105 103 95 86 86 87 89 95 101 96 90 101 105 104 105 117 123 127 111 102 101 97 91 
100 98 97 96 97 102 104 103 106 111 109 93 79 78 93 108 97 99 100 96 90 90 86 84 78 74 79 89 102 113 122 126 120 115 108 101 96 90 89 94 96 97 99 97 95 94 94 94 90 90 91 90 86 87 90 91 92 94 97 93 89 93 94 102 106 107 106 102 99 102 90 89 91 95 103 106 105 102 99 92 85 84 86 86 88 92 92 91 99 106 106 110 117 128 135 117 104 101 97 91 
97 97 96 95 99 105 110 108 105 101 94 85 79 86 102 106 96 95 95 98 89 83 80 76 78 85 95 100 108 119 124 122 108 104 103 102 98 89 87 94 96 98 98 97 94 92 91 91 90 90 90 89 88 88 90 90 91 93 94 94 96 98 99 103 104 105 104 102 99 94 83 84 94 100 100 98 96 94 93 91 89 87 87 89 92 91 90 94 102 107 106 110 117 131 134 119 104 101 97 94 
102 97 98 101 106 112 119 116 113 101 88 83 85 90 102 103 97 93 92 93 83 78 81 86 92 101 115 118 121 123 120 109 102 102 100 103 101 90 86 93 97 100 97 95 94 90 88 88 91 91 91 89 91 97 93 94 93 94 97 99 103 102 102 102 102 101 99 95 92 86 78 80 87 91 91 87 84 87 90 92 98 94 94 94 94 93 87 87 94 101 104 106 113 129 131 117 104 102 101 98 
114 111 108 107 114 118 119 118 115 103 87 89 92 92 97 98 92 92 90 86 83 81 85 97 107 111 117 123 124 119 114 107 103 102 97 99 101 94 86 88 95 97 93 93 95 96 93 89 90 93 94 92 95 102 98 100 98 96 101 105 105 104 103 103 102 98 97 93 84 81 77 77 80 79 83 90 86 87 91 95 99 96 99 97 93 91 86 79 81 95 103 106 110 120 119 105 102 104 107 102 
118 119 118 115 124 122 120 113 106 96 86 95 98 89 92 94 89 93 94 91 89 89 94 106 115 115 116 116 112 110 110 106 105 101 97 98 103 102 96 91 92 92 91 91 93 97 96 92 93 95 97 94 94 100 101 102 101 95 98 102 104 106 104 100 100 94 99 101 90 80 75 75 79 86 91 95 93 95 97 98 99 99 100 96 92 92 87 79 81 90 101 109 105 108 107 100 100 102 103 101 
119 119 119 121 127 124 122 110 101 95 90 90 87 81 89 92 90 93 97 97 100 98 101 109 117 114 110 108 105 104 105 101 100 98 98 98 103 106 100 92 88 91 90 90 90 92 97 94 94 96 92 88 88 97 102 97 93 91 93 98 100 103 101 96 96 91 93 98 90 78 74 77 79 91 100 100 98 97 98 101 102 101 100 97 91 96 92 82 79 83 94 103 93 99 100 101 101 99 98 97 
122 121 119 123 123 120 116 106 99 99 94 88 80 77 88 94 94 95 97 100 104 103 104 109 110 107 105 102 103 101 99 96 95 96 98 100 106 109 102 92 85 89 91 91 93 93 96 94 94 95 92 86 85 95 99 97 91 86 90 100 103 100 96 86 89 92 91 94 93 85 81 81 79 85 96 101 98 93 90 95 103 101 99 98 99 101 98 84 82 83 91 93 86 97 101 103 101 93 87 87 
121 121 116 119 116 114 111 106 98 101 96 88 79 80 89 97 102 96 97 101 107 106 107 113 108 104 101 97 96 98 96 92 95 99 101 103 107 107 101 92 83 86 92 92 93 94 94 94 94 94 94 88 85 90 96 101 99 85 89 101 104 93 88 90 94 100 102 101 97 93 90 92 86 83 90 98 89 80 80 90 101 99 97 97 103 105 100 93 89 85 92 91 92 99 103 103 97 88 84 81 
110 118 117 114 107 114 111 104 99 100 95 86 79 83 90 102 106 98 98 102 104 102 106 113 110 106 106 97 95 101 101 99 98 102 101 98 99 102 98 95 85 85 90 91 91 89 90 91 93 94 91 87 84 85 90 94 93 83 88 98 89 84 88 106 104 104 103 101 101 95 90 91 87 79 75 76 75 70 70 86 94 97 95 91 98 105 103 100 97 95 99 95 97 103 103 101 95 84 89 90 
114 121 123 116 111 111 109 103 99 96 90 86 83 86 86 99 104 105 106 104 102 95 99 106 107 107 111 102 98 101 103 104 99 97 93 89 90 91 88 89 84 83 83 84 83 83 86 87 87 90 90 86 84 86 89 90 89 87 89 92 78 78 85 95 99 100 94 88 86 90 89 83 80 72 67 64 63 69 76 87 92 94 92 90 95 104 103 99 97 98 103 103 102 103 103 100 94 89 93 95 
124 116 110 117 113 106 104 102 98 90 83 87 88 86 79 85 94 102 105 103 98 94 100 102 103 99 95 90 90 98 95 90 90 90 86 81 86 86 85 84 83 83 80 78 75 77 85 88 85 89 94 93 90 89 90 92 94 93 90 83 77 86 87 89 88 88 87 83 78 87 93 89 80 70 65 65 62 68 81 91 94 95 93 90 93 97 98 97 94 95 99 100 100 101 102 101 91 91 95 97 
113 107 105 118 116 108 103 100 94 86 88 95 92 84 81 85 91 99 97 103 100 98 101 99 97 98 88 77 76 84 87 82 82 90 86 79 80 85 90 91 86 82 77 73 71 74 83 91 93 93 97 98 96 94 95 95 99 100 95 84 81 89 90 93 95 90 88 87 90 98 97 94 86 73 66 65 60 65 88 95 97 98 96 90 91 93 94 94 93 93 97 95 95 98 100 99 88 92 94 94 
108 102 104 112 114 107 103 93 87 87 94 98 92 88 82 86 91 99 105 106 104 97 98 98 98 102 90 77 74 77 83 82 82 88 83 77 77 84 89 94 89 83 77 72 70 72 77 85 86 89 94 96 95 99 99 97 97 98 93 80 79 87 91 95 101 101 98 96 96 99 95 90 83 75 69 65 64 70 92 97 98 96 91 88 90 87 90 92 89 90 97 95 94 96 98 100 101 104 102 90 
108 103 105 108 110 106 99 88 85 88 89 92 92 90 80 83 91 100 109 104 100 101 100 102 102 99 88 77 75 74 78 80 80 83 79 90 90 85 84 89 88 85 80 74 71 71 72 79 71 74 80 90 96 103 105 100 98 93 85 77 78 89 91 94 96 98 99 101 91 93 93 88 82 78 75 74 70 74 88 96 99 96 88 86 89 88 88 89 81 83 88 92 93 96 95 97 106 117 117 104 
113 109 111 113 107 99 96 92 89 89 89 88 91 84 77 81 92 90 97 100 101 106 105 105 104 96 88 78 73 72 74 77 79 79 80 98 104 88 85 87 89 88 84 77 71 69 69 78 76 72 73 87 94 98 103 102 100 83 77 77 83 90 91 92 93 94 95 97 93 91 93 87 80 79 83 84 78 80 89 94 98 100 93 90 90 91 88 87 80 80 81 86 92 94 91 93 103 112 113 108 
122 113 109 108 100 88 91 89 88 91 96 90 88 81 75 77 88 92 94 99 101 104 105 106 106 95 88 80 74 73 75 77 72 69 75 85 89 80 83 84 87 85 81 75 67 76 77 77 78 77 83 98 94 94 99 94 86 75 76 83 88 90 90 90 91 91 93 94 94 92 93 85 78 82 93 94 86 82 91 94 97 99 97 93 91 91 90 90 88 86 85 88 91 89 86 89 98 104 105 103 
122 109 104 100 96 92 94 83 86 94 97 90 84 83 80 83 90 98 98 101 101 101 101 106 109 103 94 85 79 78 74 67 59 48 51 65 72 74 80 83 85 83 72 70 75 82 78 73 70 73 83 96 95 89 87 86 79 78 86 88 87 91 89 90 92 91 94 88 93 94 92 84 78 84 91 95 89 85 91 92 95 97 93 92 93 95 95 107 110 105 98 92 88 80 79 82 89 92 93 94 
112 105 97 94 95 101 98 87 91 97 98 94 85 84 87 90 90 96 100 102 99 91 88 101 110 115 106 89 74 73 64 49 42 37 35 41 59 71 78 82 86 87 77 72 81 81 71 68 70 72 78 82 85 85 79 86 83 83 86 85 84 92 88 90 92 92 95 93 95 96 90 82 78 82 86 91 91 89 90 90 94 90 89 91 97 104 110 119 122 124 119 107 91 77 73 75 81 83 84 86 
93 91 91 91 97 100 94 89 95 98 94 93 84 87 94 94 92 96 101 102 99 90 83 94 98 99 91 76 59 50 44 37 34 33 34 39 52 70 76 81 83 83 79 72 77 76 71 71 81 86 91 80 79 88 87 84 82 80 75 75 83 91 87 88 89 91 95 99 96 91 80 78 76 80 85 90 95 92 88 88 87 85 87 91 94 102 113 123 122 122 119 109 93 84 83 79 77 76 80 82 
81 81 89 96 100 98 91 86 85 85 86 89 85 88 96 97 94 96 100 100 98 91 82 84 86 82 62 50 42 37 35 35 33 32 33 35 49 68 73 78 77 74 74 72 73 75 77 79 87 92 94 83 75 83 82 78 73 71 71 71 82 90 87 87 88 87 91 95 92 83 72 73 76 79 84 93 99 93 84 83 82 79 81 87 91 93 104 115 118 116 108 96 95 95 91 87 79 76 78 75 
79 81 89 97 103 97 87 82 74 71 73 75 78 85 99 98 85 86 93 96 92 89 84 78 74 67 53 38 33 31 34 35 33 32 33 37 54 65 69 73 73 73 72 69 70 75 78 78 89 89 83 76 72 76 71 72 72 70 69 68 75 79 82 88 89 88 91 94 86 81 78 76 77 80 86 92 95 91 82 80 81 75 77 82 88 93 98 109 112 112 100 93 100 103 93 84 79 76 73 68 
87 84 89 90 89 90 82 75 62 50 54 59 66 79 90 91 72 72 81 79 77 82 88 74 70 63 46 35 32 32 33 34 35 33 33 38 56 65 70 73 72 72 72 71 72 77 76 72 79 74 73 70 67 70 71 71 74 74 70 67 69 69 74 85 90 91 93 94 92 86 82 79 80 87 91 92 88 93 83 78 77 72 76 81 86 90 91 98 105 110 94 91 94 94 90 80 79 84 75 68 
95 84 84 86 83 89 69 54 45 37 35 40 48 62 76 80 72 72 69 60 56 61 64 62 64 66 41 34 33 33 34 34 34 32 32 37 47 58 67 73 72 69 70 72 75 82 76 69 67 63 67 69 68 69 72 74 75 74 70 67 69 70 74 84 94 93 95 97 97 92 83 83 85 90 95 94 89 91 82 72 72 72 75 79 85 90 90 93 99 106 93 88 87 88 89 81 76 81 74 71 
98 86 85 87 91 88 63 39 35 36 35 35 35 38 52 58 62 61 49 39 43 46 46 47 49 48 34 33 33 33 33 33 31 31 32 36 41 50 62 67 69 65 66 71 73 74 70 61 60 63 66 69 71 66 71 71 72 71 69 67 68 70 75 86 94 96 98 101 104 98 89 86 86 87 87 88 88 86 80 70 71 72 72 74 79 85 87 84 87 89 86 81 78 82 85 80 72 70 70 71 
100 91 95 94 95 86 62 37 34 35 36 35 34 36 41 45 41 42 38 33 35 34 37 39 40 37 34 32 33 33 33 32 31 31 33 34 35 40 46 54 63 60 55 57 64 65 60 59 62 66 65 66 67 66 68 66 69 68 68 68 69 74 74 84 95 98 97 98 101 101 92 82 81 85 81 81 86 82 76 72 72 72 71 71 73 76 79 79 79 78 77 76 75 78 83 81 70 67 68 72 
98 94 98 99 98 82 54 38 33 35 36 34 33 32 35 37 36 34 35 33 33 33 33 33 34 34 33 33 31 32 32 32 32 32 33 33 33 33 32 35 43 45 43 43 55 63 62 62 67 70 65 65 65 66 65 64 66 66 66 67 68 72 72 82 93 96 96 95 93 95 83 75 79 84 85 84 83 76 71 69 69 70 70 69 72 75 76 75 73 74 74 72 72 76 78 75 70 67 69 75 
94 94 99 102 98 79 50 36 33 34 34 33 32 33 34 34 33 32 35 34 34 33 33 33 33 33 33 32 31 31 33 33 32 32 32 32 32 33 31 32 33 34 34 37 46 58 65 65 65 68 66 64 68 77 76 71 64 66 66 67 69 69 71 77 89 94 94 96 93 85 76 70 80 84 85 83 77 70 68 68 66 66 69 69 69 73 76 74 72 71 71 70 72 77 77 75 79 80 78 80 
90 89 96 100 96 80 53 34 33 32 34 33 33 33 33 34 33 32 34 36 39 36 33 33 33 32 32 31 30 30 32 32 32 31 31 32 32 32 32 32 33 33 31 31 34 44 57 66 64 69 69 72 83 94 93 91 76 73 72 71 74 72 70 74 85 95 96 94 85 74 68 70 76 82 81 78 74 69 67 68 68 68 68 67 65 70 74 74 71 67 68 69 72 79 78 80 81 85 85 81 
97 91 94 95 90 73 50 35 32 32 33 33 32 33 33 33 33 33 35 44 50 47 35 33 32 31 31 32 29 31 31 31 31 31 31 32 32 33 32 32 32 32 30 31 33 39 53 67 71 77 71 78 101 108 99 93 81 86 87 83 79 76 72 75 79 86 89 82 72 66 66 67 70 75 75 74 73 71 70 69 69 69 69 68 68 70 73 74 70 66 67 69 74 80 81 84 81 83 84 82 
100 94 91 89 85 69 46 36 33 33 33 32 32 32 32 32 32 33 43 55 65 63 46 34 31 31 31 31 31 31 31 31 31 31 31 32 33 32 32 31 31 31 30 32 32 36 50 66 73 75 70 72 100 108 99 90 89 94 94 90 84 80 77 75 70 69 74 73 68 64 66 68 69 71 71 73 72 70 69 69 67 67 68 69 71 71 74 74 71 66 67 69 75 81 84 86 85 86 84 81 
97 88 86 86 85 73 51 38 34 33 33 32 33 33 32 32 32 38 53 67 68 62 45 34 31 32 30 30 33 32 31 31 31 31 31 32 32 31 33 31 32 31 31 32 32 35 46 65 69 68 70 77 97 105 95 93 93 96 98 95 89 84 82 78 72 68 68 69 69 66 67 70 69 67 68 68 68 67 66 67 68 66 66 67 70 73 74 74 70 68 67 69 76 81 86 88 88 89 86 81 
95 82 84 82 72 62 52 38 33 33 33 32 33 33 31 34 37 40 50 58 60 55 36 33 31 32 31 31 32 32 31 31 32 33 31 31 31 31 30 31 33 33 32 32 33 33 42 61 67 66 71 79 90 98 95 95 92 89 90 92 92 87 82 83 76 68 67 67 66 67 69 71 70 67 66 64 66 68 67 68 68 66 67 69 72 75 75 75 71 70 69 69 76 83 88 88 87 87 86 83 
96 85 78 70 53 40 39 36 33 33 33 32 32 32 33 43 51 45 42 46 51 45 34 32 31 31 31 31 31 31 31 32 33 34 33 31 31 30 29 30 32 32 33 33 33 33 38 51 62 66 72 85 92 96 97 95 92 89 84 86 87 85 84 90 83 74 68 66 65 69 71 71 70 68 65 64 66 69 70 70 71 70 69 74 74 72 73 75 73 74 75 74 77 83 82 80 84 85 86 83 
89 80 67 52 40 34 35 35 33 33 33 32 33 32 32 41 48 43 33 36 42 37 32 32 33 33 32 32 31 31 31 33 31 32 32 31 30 31 30 30 31 31 31 33 32 33 33 36 54 69 81 93 98 96 96 94 94 92 85 85 86 84 86 89 83 75 70 69 68 68 70 69 70 67 66 65 67 71 71 71 73 74 70 71 71 69 68 75 75 76 79 78 73 79 79 77 80 81 79 79 
80 69 49 39 36 35 35 34 32 32 34 32 32 31 31 32 34 34 31 31 33 32 33 37 42 38 34 33 32 30 31 32 31 31 31 31 30 31 31 31 30 31 31 32 31 31 33 37 52 73 91 95 95 92 94 92 90 91 88 86 86 88 89 88 82 76 77 78 71 66 70 71 69 67 68 66 69 72 72 72 73 71 71 70 68 70 74 80 77 76 76 74 73 77 78 78 77 76 75 75 
75 63 39 33 34 35 34 33 31 32 34 32 31 31 31 32 31 31 31 32 33 31 33 46 60 55 45 36 33 32 31 31 30 31 31 31 31 32 31 31 30 31 31 31 31 31 31 37 53 72 88 93 91 88 87 83 88 93 89 84 83 87 90 90 83 82 83 83 73 69 70 72 71 68 69 66 69 70 70 71 72 70 72 77 76 75 77 82 78 76 74 72 74 73 75 77 74 74 75 75 
76 60 40 34 34 34 33 32 32 32 33 31 31 31 31 31 31 31 31 31 33 32 33 45 64 67 55 37 32 32 31 31 30 31 31 30 30 32 31 30 31 32 31 31 30 30 31 35 48 66 83 90 92 90 86 82 90 94 88 82 80 84 90 92 86 88 86 84 79 74 71 71 70 71 69 66 67 68 68 69 72 73 76 80 80 76 76 77 78 76 72 70 69 71 73 75 74 75 74 73 
81 67 45 35 35 34 32 32 33 33 33 31 31 31 31 31 31 31 31 30 31 32 32 44 61 67 53 34 30 30 31 31 31 31 31 31 31 32 30 30 30 31 31 31 30 31 31 32 41 58 72 82 89 91 92 88 90 91 87 80 86 89 92 95 92 88 85 86 86 82 78 74 70 74 68 66 66 66 66 67 72 74 76 79 78 73 74 75 78 76 72 67 64 68 74 75 74 74 72 73 
84 73 45 35 35 34 32 33 33 32 32 32 32 31 31 31 32 31 31 31 31 31 31 43 60 64 51 33 30 29 31 31 30 30 31 31 32 31 30 30 30 30 29 30 31 31 33 32 36 46 60 74 81 84 87 84 88 90 90 90 92 94 94 98 95 88 84 86 86 85 85 79 70 70 66 66 65 64 66 70 73 75 74 73 73 72 73 78 79 74 68 61 60 67 75 73 72 75 74 74 
89 79 56 38 34 34 32 33 33 31 33 32 32 32 30 30 31 32 31 32 32 31 35 48 62 63 47 33 31 29 31 31 30 30 31 30 31 31 31 31 30 31 30 30 31 30 32 31 31 34 47 77 84 83 80 75 84 91 94 97 94 94 94 101 99 91 87 87 87 87 93 88 79 71 68 67 66 65 69 74 75 73 72 69 69 72 73 77 76 69 64 59 60 66 72 72 72 75 76 76 
94 87 68 44 34 34 36 37 34 32 33 33 33 32 32 31 30 32 32 32 33 33 42 55 63 57 41 33 31 30 31 31 31 32 31 30 31 31 31 32 31 32 33 31 32 31 31 31 32 39 54 81 88 84 80 78 84 94 94 91 92 93 94 98 98 95 91 86 86 88 93 93 88 76 73 71 70 69 74 77 76 73 70 69 72 73 72 73 73 67 62 57 62 66 71 72 73 75 76 77 
98 98 83 61 48 43 43 49 49 47 42 35 33 32 33 33 31 32 33 34 37 36 52 61 62 51 38 30 30 31 30 31 31 32 32 31 31 31 31 33 31 32 33 32 33 33 32 30 32 39 57 76 80 78 78 80 86 92 91 87 90 93 94 97 99 101 98 92 87 88 89 88 86 77 77 77 76 77 79 78 78 74 71 72 75 75 74 73 71 65 62 59 62 64 70 74 75 75 76 80 
98 96 87 73 65 60 60 62 65 69 64 57 46 39 34 36 35 38 38 41 49 54 60 63 65 54 39 32 31 30 30 30 31 31 31 31 31 31 31 33 31 32 33 33 32 33 31 31 31 33 43 56 64 70 73 75 80 87 90 86 87 94 98 97 100 101 100 96 86 87 89 85 82 80 81 80 80 81 83 79 77 75 73 74 74 71 71 71 70 61 60 60 60 63 68 72 73 74 76 77 
98 94 88 76 70 68 71 73 78 80 75 72 65 58 51 46 43 48 51 52 58 63 61 61 62 57 43 33 33 32 31 31 31 32 32 31 30 31 31 31 31 30 32 32 31 32 32 32 31 31 33 34 43 59 68 71 73 80 87 89 90 100 102 94 94 98 100 97 89 86 88 80 78 80 83 83 83 81 83 80 76 75 72 73 71 67 68 69 67 61 59 60 58 60 65 67 66 67 69 72 
97 89 82 81 78 72 72 74 83 86 79 73 69 66 61 57 54 54 56 59 59 59 58 59 61 64 55 49 44 38 32 33 36 41 37 32 33 32 31 31 31 30 32 33 32 33 31 31 33 32 33 36 42 58 65 69 72 77 85 97 97 98 98 89 87 97 100 98 92 87 87 82 77 81 83 84 83 80 83 80 79 76 73 72 69 65 65 67 66 63 61 60 58 58 62 62 62 62 62 64 
95 87 81 91 89 83 78 76 81 86 83 77 73 64 58 59 58 56 59 60 58 56 56 59 60 63 63 63 61 55 48 44 49 57 55 48 42 36 32 34 37 35 37 38 36 34 31 31 34 33 34 41 50 64 71 70 73 72 77 88 97 96 94 84 83 92 98 100 94 89 87 84 80 81 83 84 81 80 83 82 80 77 74 72 68 65 63 64 64 63 62 62 60 59 60 59 59 57 57 60 
93 90 89 92 92 89 82 77 80 83 84 80 76 67 62 61 59 57 59 59 56 54 54 58 59 61 63 64 64 63 63 60 59 63 65 62 55 48 46 46 45 45 48 50 41 36 33 34 35 34 36 53 63 71 76 75 81 83 78 84 97 99 94 83 79 86 92 93 91 89 87 84 82 82 82 83 79 80 82 81 80 79 76 74 68 65 64 64 63 63 60 59 59 58 58 59 59 59 56 57 
89 86 88 89 85 79 78 78 78 77 78 78 78 72 69 64 60 57 57 58 55 54 54 56 59 61 61 63 65 64 65 65 63 64 64 61 58 58 62 62 58 56 59 58 45 42 43 42 38 42 53 67 74 78 88 88 88 89 80 75 83 88 90 89 83 90 87 87 86 87 86 84 84 85 87 87 83 80 76 77 80 82 79 74 70 68 68 66 63 63 62 59 58 58 60 62 62 62 57 56 
87 82 83 85 82 77 77 78 78 79 77 77 77 71 69 64 61 57 55 56 55 54 56 58 60 59 57 58 60 61 65 67 63 62 63 62 61 60 62 65 66 65 64 61 57 57 59 59 65 68 72 78 82 84 90 91 91 88 80 72 73 72 81 83 83 86 80 84 85 85 86 85 85 86 88 91 84 79 77 79 83 82 79 77 73 72 75 73 69 67 66 65 66 65 65 68 68 65 61 58 
87 83 83 82 81 79 79 80 80 83 82 79 76 72 68 62 59 56 54 56 58 57 57 58 58 58 57 56 56 55 59 63 61 59 62 64 64 63 63 66 68 67 65 65 72 80 81 80 87 95 91 85 85 86 83 83 86 86 81 77 78 77 79 80 77 80 81 83 83 84 84 85 86 86 87 91 83 80 81 83 84 84 84 81 72 71 72 73 76 75 72 71 71 72 71 73 72 69 66 64 
85 83 81 80 80 80 80 81 81 80 79 77 77 75 68 62 58 55 53 55 57 57 56 57 57 56 56 55 55 55 59 62 59 59 63 65 65 65 67 68 69 69 66 67 74 85 91 94 94 96 95 89 85 86 85 84 84 83 85 83 82 80 77 78 80 80 83 83 81 82 82 82 85 86 86 85 82 81 82 86 87 89 92 88 80 71 68 69 71 73 73 76 72 73 73 74 75 74 72 69 
81 81 82 80 79 79 80 82 79 78 75 75 78 77 69 62 58 55 52 55 55 56 56 56 56 54 55 55 54 56 60 63 62 60 63 64 62 63 66 69 71 71 68 69 74 79 82 84 91 94 95 93 87 84 89 89 88 88 89 87 83 81 78 79 82 81 80 80 80 80 79 78 82 85 82 80 82 83 84 90 92 91 91 91 86 71 67 67 69 68 68 71 70 73 73 71 72 74 74 73 
82 80 83 82 81 80 79 79 76 79 77 75 78 77 67 62 59 55 53 54 54 55 55 55 56 56 55 55 54 54 57 60 62 60 61 62 60 60 62 68 71 72 71 71 76 81 81 79 82 89 94 96 90 84 90 96 93 92 91 87 82 80 80 82 82 80 79 79 81 81 79 78 81 84 84 83 83 85 86 89 91 91 88 89 83 72 66 66 67 65 66 67 66 70 70 70 71 71 71 73 
84 82 83 82 81 82 78 76 76 79 79 73 73 72 67 62 59 55 53 53 53 54 56 56 55 58 58 57 56 55 54 54 60 61 60 59 57 60 61 66 70 73 74 72 76 83 86 85 85 87 93 101 98 93 94 101 97 96 90 84 80 81 83 83 82 78 78 80 82 82 81 82 85 88 88 87 86 88 87 87 87 90 89 88 85 72 66 66 67 66 65 65 65 68 69 69 72 72 74 79 
91 88 87 84 81 83 79 76 78 80 78 72 73 70 67 62 59 54 54 54 53 55 57 56 53 56 58 58 58 58 56 55 60 62 59 55 56 59 60 65 70 74 75 72 74 81 84 87 86 86 93 99 102 97 95 98 99 99 90 83 81 82 84 84 83 81 81 83 83 85 87 89 91 92 88 87 86 85 85 87 82 83 84 87 92 85 77 76 73 71 67 65 65 68 68 70 76 77 80 84 
95 91 90 86 81 82 80 78 78 79 77 74 74 69 65 59 57 55 53 54 54 55 56 55 54 55 57 57 58 58 57 56 59 64 62 56 56 57 60 65 69 74 75 74 76 80 84 88 87 93 95 95 98 95 96 99 103 108 108 102 93 83 84 85 84 84 84 91 91 91 93 95 96 93 86 86 80 74 74 79 73 73 70 77 88 94 93 100 91 80 71 69 70 69 69 74 86 89 87 89 
96 90 88 83 81 80 80 78 77 78 78 75 71 66 61 54 55 54 53 54 55 56 56 56 55 55 57 58 57 57 57 60 62 64 63 58 62 62 61 62 68 75 77 78 79 83 90 95 96 100 100 95 94 94 99 103 117 120 121 119 105 84 79 80 81 81 86 96 97 96 95 96 96 91 83 83 73 69 69 70 68 70 66 70 83 97 101 104 99 89 74 70 71 69 72 74 84 91 92 93 
96 91 85 79 82 82 79 76 75 76 76 74 69 64 60 57 55 54 56 56 56 55 55 57 55 55 56 59 59 59 60 63 64 61 63 63 65 65 62 63 68 75 80 83 83 85 93 102 102 100 101 95 91 96 104 110 121 127 127 120 102 83 72 68 69 77 91 100 101 100 98 97 95 91 86 81 71 70 69 70 70 70 67 71 82 98 103 102 99 88 75 71 71 70 71 75 83 93 93 92 
94 89 83 80 82 81 76 73 74 74 74 72 71 70 67 62 58 55 56 57 57 57 55 55 54 54 53 57 60 62 63 66 67 63 64 66 65 65 62 65 67 75 80 82 84 87 94 100 101 100 101 97 96 101 110 112 115 119 118 111 94 84 76 72 69 78 98 104 104 103 102 101 98 93 89 81 77 80 80 79 76 76 80 84 89 97 104 103 100 89 79 75 81 79 77 78 87 95 95 92 
88 87 83 80 80 78 75 72 72 72 75 77 76 76 78 72 66 59 56 56 55 56 54 53 51 54 57 62 66 65 65 66 69 67 66 66 66 63 63 65 70 78 80 80 83 89 95 100 100 100 98 97 98 104 115 119 112 106 100 87 73 74 78 80 74 83 99 105 107 106 101 98 98 94 92 90 90 93 97 98 95 91 94 102 103 103 104 104 102 89 89 90 92 96 99 94 95 98 97 91 
84 85 85 81 81 78 75 73 74 74 77 82 81 78 78 76 72 65 61 56 54 54 53 53 53 59 65 73 76 73 71 68 72 78 76 68 64 60 63 67 71 76 80 81 85 91 96 100 100 99 96 96 98 102 107 112 104 82 78 70 63 67 73 75 72 85 98 100 102 103 97 92 95 95 96 98 102 106 104 105 106 106 101 104 106 103 102 100 95 87 101 106 101 100 104 102 101 101 97 92 
81 82 83 82 82 79 75 73 75 77 80 83 81 81 79 78 76 70 62 57 54 58 59 59 61 69 72 77 80 80 79 76 78 90 86 68 62 62 67 68 69 75 80 86 88 92 97 98 100 97 96 97 98 97 93 92 86 74 66 64 63 66 68 70 69 78 98 98 97 98 95 91 90 95 99 99 102 106 105 106 102 101 101 102 103 98 99 98 92 90 100 102 99 100 103 102 99 99 94 91 
80 80 81 83 82 80 76 72 78 80 80 82 83 85 79 78 79 74 63 59 63 66 67 69 71 75 76 78 83 80 80 79 84 101 95 75 66 67 69 67 68 71 82 92 94 93 98 96 99 99 99 98 97 93 80 77 76 71 66 63 63 63 63 66 68 75 94 95 92 84 84 84 84 93 102 101 99 99 102 104 101 98 99 98 98 96 96 100 95 95 98 97 95 96 101 99 95 94 93 91 
79 78 79 79 82 81 77 77 81 82 80 80 82 83 79 75 79 78 68 67 72 75 72 71 77 78 77 78 81 79 79 77 81 92 93 80 71 69 70 66 66 69 80 92 96 94 96 97 99 101 103 98 88 79 70 65 69 69 66 63 62 61 63 64 66 68 79 85 85 71 69 73 76 87 103 106 101 102 103 103 101 98 95 91 95 97 96 97 96 96 97 96 95 95 98 97 92 92 92 92 
77 78 78 77 81 81 79 79 83 82 79 77 81 81 78 76 79 80 74 74 77 77 76 75 82 81 82 79 78 77 78 77 78 82 82 77 71 69 70 67 66 67 76 89 96 96 95 97 98 98 96 89 76 68 67 66 68 68 68 65 63 62 63 64 70 70 73 78 79 70 68 69 69 79 97 105 102 104 105 103 96 90 86 85 95 99 98 94 96 98 99 96 96 94 95 95 90 90 91 91 
76 77 80 81 80 80 80 80 83 83 80 77 83 85 79 76 77 79 77 77 81 81 81 83 86 84 87 79 82 81 80 78 80 85 83 78 70 66 65 63 66 65 71 85 96 97 94 94 93 90 85 77 70 66 66 67 69 68 67 65 65 65 63 64 70 70 70 74 73 69 66 69 69 81 91 99 100 93 90 91 84 76 76 80 91 102 102 96 97 99 101 97 97 96 93 93 91 89 87 87 
76 79 82 82 80 80 81 81 82 84 80 79 81 82 80 76 75 79 79 81 86 87 87 88 89 86 86 81 87 87 83 83 84 86 86 84 72 65 61 60 65 67 67 79 95 98 91 85 85 78 74 70 68 66 65 66 67 67 66 63 64 64 63 64 68 71 71 72 70 67 66 69 71 78 81 80 81 79 75 73 73 73 72 73 86 100 103 97 99 99 101 100 99 98 93 89 87 85 83 84 
82 83 83 80 79 79 81 80 80 82 78 79 77 78 79 78 77 80 82 81 84 88 92 90 89 88 87 85 88 91 87 87 87 88 90 88 76 64 62 61 64 68 63 68 85 87 80 73 72 72 68 67 67 71 70 67 65 65 67 65 63 63 63 65 70 72 72 70 66 66 66 68 70 70 70 70 69 70 71 72 71 72 72 71 80 94 102 101 101 100 102 103 100 95 89 84 82 80 81 83 
87 88 87 83 80 79 77 79 79 79 76 78 80 81 81 83 85 84 84 83 80 82 87 89 89 89 91 90 93 93 90 90 91 93 94 93 81 66 61 62 64 66 64 67 76 72 69 68 69 69 66 68 67 71 72 70 65 65 67 66 64 64 65 68 72 71 70 68 66 66 66 67 69 66 65 68 69 68 70 73 70 70 71 70 72 84 95 99 102 102 102 100 93 87 83 80 80 78 82 82 
87 87 88 85 81 79 76 79 79 79 78 80 83 86 85 88 86 86 86 87 86 82 86 90 89 90 92 93 95 92 89 90 94 98 94 94 83 69 59 60 62 65 66 69 72 69 66 66 69 69 69 69 66 66 68 67 66 65 64 65 64 64 66 70 72 71 70 68 70 72 71 69 68 65 67 67 68 68 71 73 71 69 71 70 71 77 86 93 101 106 105 97 83 77 82 79 79 80 85 91 
84 85 83 81 83 80 78 79 79 79 79 82 85 86 86 88 86 86 87 89 89 84 86 90 90 90 90 90 91 89 87 88 91 93 93 92 84 71 63 61 61 66 70 68 69 67 66 68 70 70 70 68 66 66 66 66 64 66 66 65 63 61 65 74 74 72 72 73 73 75 76 73 68 66 68 65 68 70 72 72 72 71 71 72 70 69 72 80 92 103 108 102 94 88 87 81 79 80 87 95 
81 82 82 81 86 85 81 81 80 80 81 87 88 88 86 83 82 85 87 89 88 83 83 88 90 90 89 86 84 87 87 89 89 89 90 85 80 72 67 65 63 66 71 67 69 68 68 70 72 70 71 68 66 66 66 65 63 67 66 64 62 61 67 79 76 75 76 76 75 76 78 74 70 68 68 68 68 72 72 72 74 76 76 75 74 71 69 72 81 91 96 100 101 101 93 84 80 80 87 95 
82 81 82 82 84 83 82 82 80 80 84 90 91 93 87 80 80 83 86 88 82 79 79 82 81 80 82 79 73 78 86 89 87 85 84 83 80 76 67 64 63 66 71 71 72 75 73 71 73 71 70 67 66 66 65 63 62 63 63 63 60 61 72 79 78 77 78 80 80 79 79 75 74 71 69 69 69 71 72 75 81 84 84 78 73 71 67 68 75 84 90 98 101 100 95 87 81 80 84 90 
84 83 84 86 83 81 82 82 79 81 87 93 94 94 88 77 79 83 85 85 76 73 72 75 73 68 71 72 66 75 83 86 84 82 80 86 82 75 68 64 63 67 73 78 81 87 88 84 82 73 68 64 62 63 62 63 60 62 62 61 57 61 73 79 80 77 78 82 83 81 79 77 77 75 71 71 76 77 78 84 93 94 87 78 70 69 68 70 74 82 87 91 96 97 98 88 82 79 79 84 
84 85 86 90 85 83 83 82 80 83 88 94 95 95 90 82 82 84 86 91 91 84 74 70 77 76 74 72 70 77 81 81 81 80 81 85 81 73 68 72 79 82 83 92 93 94 95 94 89 75 65 61 59 62 62 62 60 64 62 62 60 63 72 77 80 80 82 85 85 81 80 81 81 85 84 79 83 86 87 90 95 94 86 77 67 68 74 79 84 86 86 87 90 94 95 92 86 80 78 80 
83 86 86 86 84 84 81 81 80 83 87 94 94 94 93 88 87 88 91 98 104 104 95 90 89 87 83 87 89 88 82 76 82 83 84 83 76 72 77 88 100 103 102 102 100 97 100 97 88 74 62 61 61 62 63 64 65 65 64 63 64 66 72 76 81 87 92 92 90 86 84 86 89 89 89 86 86 88 88 92 89 86 80 72 65 71 84 86 87 87 87 92 95 96 97 101 96 87 79 76 
81 84 86 84 82 81 80 80 81 80 87 94 94 94 97 95 95 95 97 101 105 102 102 103 103 101 98 104 109 106 98 91 89 89 89 87 82 80 91 109 121 116 117 111 104 99 98 99 86 72 63 62 62 62 64 65 66 66 66 66 69 74 76 79 89 97 98 96 96 91 88 89 91 87 87 86 88 88 86 89 83 78 76 71 73 79 91 88 89 90 92 96 98 102 95 98 97 91 84 78 
81 83 87 84 81 81 82 83 85 86 90 94 96 97 98 98 99 101 101 102 104 102 104 109 107 106 111 121 121 111 106 102 100 98 94 92 91 86 94 108 121 125 130 123 110 100 97 98 86 72 65 63 64 66 68 68 69 68 75 81 82 84 83 84 91 98 99 96 97 94 90 88 87 86 86 87 89 86 82 80 76 70 83 80 79 82 89 87 89 88 93 99 97 94 91 94 95 91 84 80 
83 83 85 84 81 82 90 94 93 92 94 95 95 96 97 96 99 101 100 101 105 101 101 109 108 107 114 121 121 113 105 104 102 101 98 97 99 95 97 103 113 116 118 119 111 99 99 96 86 74 65 63 68 75 76 76 78 79 90 98 97 93 91 90 87 89 94 95 96 96 90 87 86 86 85 87 88 85 79 74 74 74 81 83 80 77 78 80 82 83 84 86 88 86 89 94 94 90 83 80 
83 83 84 87 85 86 94 98 100 93 91 90 92 91 92 93 96 98 97 98 99 97 98 105 107 107 115 119 118 112 106 103 101 102 99 99 100 100 99 101 105 105 105 103 96 90 96 94 84 75 69 69 77 93 90 89 90 95 105 103 100 98 98 96 92 87 89 94 87 85 87 87 86 91 92 90 87 86 82 83 79 75 72 74 73 72 70 67 72 78 80 78 81 81 83 91 92 85 77 75 
82 82 81 83 84 87 89 90 90 88 85 84 85 87 90 90 91 96 96 96 94 95 97 102 103 105 114 119 116 109 103 96 95 100 99 97 91 91 96 98 95 100 94 94 88 85 91 92 89 82 77 78 86 97 97 100 103 101 104 102 101 101 101 98 94 84 75 79 78 80 86 93 95 96 98 95 90 86 86 90 86 77 72 71 70 72 71 71 76 80 85 85 83 82 77 86 94 88 77 73 
82 82 79 79 79 83 84 83 82 81 81 82 83 86 90 93 95 98 96 98 98 97 97 100 101 102 109 113 112 106 100 94 93 99 98 90 85 87 94 98 96 92 85 91 88 83 87 92 98 95 90 91 95 96 92 92 98 97 100 97 95 97 100 97 94 79 70 70 77 86 92 95 99 98 98 98 93 89 88 90 86 79 73 72 70 73 77 81 88 86 91 91 88 87 82 84 92 93 79 76 
83 82 78 76 78 82 81 80 81 82 82 81 86 93 95 97 99 98 97 98 99 98 99 101 101 102 102 106 107 103 98 94 90 94 93 89 85 87 95 100 98 84 83 91 89 84 86 92 98 98 99 102 104 99 93 88 87 91 92 91 90 90 91 90 88 75 68 69 75 84 92 94 98 98 99 102 97 93 95 90 89 83 77 74 74 78 89 87 89 89 94 101 90 85 82 80 89 98 84 77 
83 81 79 77 78 82 84 81 81 84 85 83 87 95 98 101 96 94 94 95 98 97 99 102 103 104 103 104 103 100 97 90 85 86 90 94 97 95 97 104 102 87 84 91 94 94 97 98 98 99 100 103 105 102 99 90 89 90 88 89 92 90 90 87 82 78 76 76 74 76 88 95 99 98 101 100 97 95 97 91 92 89 82 80 83 86 93 88 90 91 94 96 90 81 83 79 83 93 86 73 
83 81 81 83 79 80 84 83 81 82 85 84 84 90 97 101 91 88 88 90 94 95 99 100 102 104 102 101 100 85 81 78 76 82 92 99 104 100 98 100 99 90 83 91 95 98 102 101 99 99 101 103 103 102 99 90 90 92 91 90 92 90 95 91 84 81 84 86 84 83 90 97 100 100 101 97 95 95 95 92 94 94 90 90 90 91 93 91 95 95 94 93 90 84 84 80 76 86 87 80 
82 83 83 82 78 78 85 83 81 80 83 83 83 86 93 95 90 88 87 87 91 97 100 99 101 102 101 91 81 70 64 65 67 77 92 100 100 97 98 98 98 96 92 92 94 99 99 96 93 95 102 105 104 104 99 91 90 90 91 90 90 91 96 95 86 80 85 90 90 89 93 95 97 100 98 95 96 95 94 91 91 89 89 95 95 91 94 96 98 98 97 96 92 87 87 88 85 87 88 87 
80 82 83 81 79 80 82 84 82 80 83 83 81 82 85 86 84 84 85 87 90 94 96 96 92 88 86 76 64 60 60 60 62 71 93 100 99 96 96 99 94 94 92 89 87 84 86 85 82 82 89 98 102 106 99 93 90 86 88 88 92 93 97 97 86 81 87 93 93 91 92 93 94 98 96 94 96 96 92 83 79 82 87 95 95 92 94 98 97 98 98 95 93 87 86 87 87 86 87 87 
79 79 83 82 81 82 80 83 81 82 81 78 74 74 75 77 75 77 77 78 82 87 88 89 88 79 70 66 60 57 57 58 66 81 98 101 97 95 96 96 90 86 86 82 79 73 69 70 70 71 78 86 88 87 87 90 86 82 82 85 93 94 96 93 87 83 87 89 90 91 90 92 94 95 93 94 95 93 89 79 67 77 86 91 92 91 89 91 90 94 94 87 84 86 87 84 86 86 86 86 
78 80 83 83 83 82 85 84 82 83 76 68 66 66 65 64 62 65 67 65 68 75 81 85 88 73 67 63 59 56 58 62 75 90 99 100 99 96 93 94 91 87 84 76 77 70 66 64 63 63 66 74 76 72 71 76 75 76 76 79 85 89 92 90 85 87 89 88 86 90 92 93 93 92 92 93 92 90 88 79 73 80 88 88 85 87 90 89 83 85 86 86 84 86 89 85 86 87 86 86 
78 80 82 82 83 85 88 85 78 71 65 61 59 60 60 60 57 54 58 59 61 67 75 82 84 72 66 62 59 57 60 68 86 98 100 103 103 96 85 88 89 88 83 75 70 65 64 63 61 61 60 65 69 68 69 71 69 71 73 77 80 84 86 83 80 86 92 89 87 89 91 94 91 91 92 93 90 87 85 81 81 87 89 85 83 87 97 94 89 87 85 90 92 92 91 87 88 90 89 86 
79 77 80 81 84 86 84 81 72 62 58 58 59 58 58 61 61 58 56 56 56 64 72 80 82 76 64 62 58 57 65 78 92 101 102 108 103 93 84 84 87 85 74 67 64 63 64 62 61 59 58 60 64 66 68 70 69 70 73 76 77 83 85 82 77 83 90 91 88 86 88 93 91 90 91 93 92 87 84 86 91 87 88 85 86 94 99 95 93 91 88 90 92 93 91 89 91 91 90 83 

