0.02376426 -0.1745652 -0.1985551 -0.01901776 -0.1342334
-0.1410135 0.05077826 -0.1029168 -0.1295092 0.1451396
-0.0687484 -0.1132299 -0.1786125 -0.07798453 0.01855422
0.03572578 -0.03924697 -0.06545234 -0.02904821 -0.1780406
-0.1591815 -0.1363313 0.2673065 -0.4287365 -0.1663102
-0.1632187 -0.05558789 -0.06117982 -0.03999319 -0.03288509
0.03875265 0.05344418 -0.04231338 0.3145072 0.07888597
0.0816286 0.003124024 0.1035271 -0.2418808 -0.2402874
-0.0772433 -0.3892236 0.5866667 -0.03906473 0.03452478
-0.06651603 0.03284966 -0.04588187 0.1797870 0.07826228
-0.03929632 -0.1371275 -0.1632454 0.02316716 -0.01374885
-0.1189570 -0.04269577 -0.08076885 -0.006785524 -0.06693
-0.1243136 -0.1241291 -0.1806283 -0.1069182 -0.06151063
-0.1093204 0.04099961 0.04137659 0.01877817 0.01698691
0.02559012 0.02795624 -0.09227468 -0.173236 0.01679687
0.06004427 0.03664636 -0.1050247 -0.2950328 -0.1064513
-0.04460588 -0.008680851 0.01535210 -0.03432343 -0.1161335
0.01974065 -0.07071504 0.1497217 0.06726551 0.05786305
